t_laura        	Et_real        	Et_imag        	Et_abs         
-8.000000000000000e-12	1.119077371854785e-14	1.085927859324854e-13	1.091678825158679e-13
-7.980000000000000e-12	-1.409069389011176e-13	1.132082803493480e-13	1.807508787534375e-13
-7.959999999999999e-12	-1.585515825338720e-13	-7.285049967767441e-14	1.744872477497484e-13
-7.940000000000000e-12	-5.615262245598965e-14	-1.315300097475066e-13	1.430148959824259e-13
-7.920000000000000e-12	-9.064070840098936e-14	-1.297914207425140e-13	1.583084044445951e-13
-7.900000000000000e-12	1.003115783396386e-13	-6.131243246303578e-14	1.175654163583992e-13
-7.880000000000000e-12	3.069352175253464e-13	1.133823950575076e-13	3.272075721408483e-13
-7.859999999999999e-12	2.627368971192695e-13	7.139931655375766e-14	2.722655679886924e-13
-7.840000000000001e-12	2.337215232366500e-15	7.261406994513594e-14	7.265167395896327e-14
-7.820000000000000e-12	-3.259433240945737e-13	9.350069500967445e-14	3.390891188008139e-13
-7.800000000000000e-12	-4.629481234061465e-13	2.168992532821835e-13	5.112399153427298e-13
-7.780000000000000e-12	-3.066265804193222e-13	5.880386732061646e-13	6.631812278749402e-13
-7.759999999999999e-12	2.017087426865120e-13	8.286229168446449e-13	8.528202361554871e-13
-7.740000000000001e-12	6.922444241010294e-13	6.677898100688938e-13	9.618448799732809e-13
-7.720000000000000e-12	9.348002854875645e-13	3.237665276103828e-13	9.892807175663118e-13
-7.700000000000000e-12	9.516021848471106e-13	1.992062307060039e-13	9.722293148007255e-13
-7.680000000000000e-12	7.357812581699824e-13	2.379377233169257e-13	7.732971098170767e-13
-7.659999999999999e-12	3.348258308916616e-13	3.812315360033336e-13	5.073911913659446e-13
-7.640000000000001e-12	2.644439138554482e-14	7.943562841906403e-13	7.947963337037441e-13
-7.620000000000000e-12	-1.812175589210692e-13	6.287941167519682e-13	6.543866173167045e-13
-7.600000000000000e-12	-1.172566798121740e-13	-2.273056355341688e-13	2.557674351948798e-13
-7.580000000000000e-12	9.170196901442480e-14	-1.094822751832469e-12	1.098656501847207e-12
-7.559999999999999e-12	5.043040612151972e-13	-1.249718564651646e-12	1.347634622957244e-12
-7.540000000000001e-12	6.415743371442639e-13	-9.472212539373258e-13	1.144047959655845e-12
-7.520000000000000e-12	3.007890818052985e-13	-8.485123840435151e-13	9.002484865904992e-13
-7.500000000000000e-12	-7.000463246898161e-13	-1.013069965416567e-12	1.231412039709229e-12
-7.480000000000000e-12	-8.789533214366645e-13	-8.781284162193282e-13	1.242444548716928e-12
-7.459999999999999e-12	-8.483582313312461e-13	-1.323877986771190e-12	1.572375468049797e-12
-7.440000000000001e-12	-9.067963994214117e-13	-1.155147685774325e-12	1.468552309573416e-12
-7.420000000000000e-12	1.192895530657165e-13	4.158833980973220e-13	4.326534390058560e-13
-7.400000000000000e-12	3.448438944332755e-13	2.579766517188309e-13	4.306614265986298e-13
-7.380000000000000e-12	-1.929162891088611e-12	-1.146211395859584e-14	1.929196941841286e-12
-7.359999999999999e-12	-3.806460885285464e-12	9.735917160684090e-13	3.928998002138106e-12
-7.340000000000001e-12	-2.147564138230402e-12	1.970217344260620e-13	2.156582781079721e-12
-7.320000000000000e-12	1.239396309931481e-12	9.118024303694822e-14	1.242745770377855e-12
-7.300000000000000e-12	2.340267016040814e-13	7.196481143100902e-13	7.567442801196150e-13
-7.280000000000000e-12	-4.609765653643227e-12	-2.119106092881629e-12	5.073514562351902e-12
-7.260000000000000e-12	-7.608004765233604e-12	-4.836963776842866e-12	9.015428724487108e-12
-7.240000000000000e-12	-4.524183185712647e-12	-2.577708298009911e-12	5.206996597609239e-12
-7.220000000000000e-12	-2.874844300578687e-12	3.794031862625614e-12	4.760189862514745e-12
-7.200000000000000e-12	-7.878266559743873e-12	8.672753981287767e-12	1.171681465272543e-11
-7.180000000000000e-12	-1.517329758729267e-11	4.180152636827041e-12	1.573857159146642e-11
-7.160000000000000e-12	-1.973562919519640e-11	-6.728941155533465e-12	2.085122799273272e-11
-7.140000000000000e-12	-5.465254276891406e-12	-1.221476814126340e-11	1.338168767592127e-11
-7.120000000000000e-12	1.713728071996447e-11	-2.807805948945456e-11	3.289473841160946e-11
-7.100000000000000e-12	6.503940428299265e-12	-4.412260996388792e-11	4.459939406673869e-11
-7.080000000000000e-12	-1.569223887250224e-11	-3.057617858373388e-11	3.436784918519134e-11
-7.060000000000000e-12	-1.221639361401428e-11	-2.583296618024267e-11	2.857590619039212e-11
-7.040000000000000e-12	-1.862655852826330e-11	-3.152275278690596e-11	3.661465042672408e-11
-7.020000000000000e-12	-3.434518160236869e-11	-4.401438243006313e-12	3.462606183074655e-11
-7.000000000000000e-12	-4.577325310846426e-11	1.618823021677429e-11	4.855151385572665e-11
-6.980000000000000e-12	-6.395783601240928e-11	-8.340909108881362e-12	6.449942288232397e-11
-6.960000000000000e-12	-8.070430698074713e-11	-6.127379858134519e-11	1.013294802011237e-10
-6.940000000000000e-12	-5.997155352455528e-11	-1.086546478271382e-10	1.241064854332279e-10
-6.920000000000000e-12	1.121176052345046e-11	-1.592856270161023e-10	1.596797249119251e-10
-6.900000000000000e-12	8.147688581343223e-11	-1.722461173700379e-10	1.905445036491684e-10
-6.880000000000000e-12	1.362462814782941e-10	-1.058863115962727e-10	1.725542239417091e-10
-6.860000000000000e-12	1.799899449398258e-10	-2.815014011440830e-11	1.821779642764249e-10
-6.840000000000000e-12	1.666457475522816e-10	2.759933601045331e-11	1.689157438650307e-10
-6.820000000000000e-12	7.991100770480655e-11	8.017920875044274e-11	1.132010365157701e-10
-6.800000000000000e-12	-4.949043017609887e-11	1.143555589124648e-10	1.246053631799110e-10
-6.780000000000000e-12	-1.353755976829551e-10	1.088760146560959e-10	1.737254702552614e-10
-6.760000000000000e-12	-1.068097826986205e-10	4.727646327742606e-11	1.168049385092443e-10
-6.740000000000000e-12	-6.626186350448931e-12	9.660271246776820e-12	1.171440080039003e-11
-6.720000000000000e-12	1.048837984638030e-10	-2.081965360155898e-13	1.048840051008411e-10
-6.700000000000000e-12	1.834157734234834e-10	3.253669858997457e-11	1.862793136547090e-10
-6.680000000000000e-12	2.265777775895756e-10	7.660902273126406e-11	2.391786605474462e-10
-6.660000000000000e-12	2.566388012754351e-10	8.796304263721982e-11	2.712949892461887e-10
-6.640000000000000e-12	3.160796097247440e-10	2.874520167034103e-11	3.173840044848119e-10
-6.620000000000000e-12	2.621325865248059e-10	1.567563538061265e-12	2.621372735297877e-10
-6.600000000000000e-12	1.377649249949087e-10	3.657357935006424e-11	1.425370171756386e-10
-6.580000000000000e-12	2.196590265880601e-10	1.824793423331804e-10	2.855675022476545e-10
-6.560000000000000e-12	2.315532187420064e-10	3.287459788106684e-10	4.021079602469565e-10
-6.540000000000000e-12	2.319335480257168e-12	3.282854832835797e-10	3.282936762287745e-10
-6.520000000000000e-12	-4.527786125446207e-11	2.248628768793657e-10	2.293761062496334e-10
-6.500000000000000e-12	1.151147091186806e-10	7.117617878995364e-11	1.353419546283335e-10
-6.480000000000000e-12	-6.352106065292316e-11	-1.093247495700959e-10	1.264390209351390e-10
-6.460000000000000e-12	-6.157743083064323e-10	-4.198917472255802e-10	7.453100550498535e-10
-6.440000000000000e-12	-9.968355466818875e-10	-5.921990116719652e-10	1.159474353555882e-09
-6.420000000000000e-12	-9.281802137132543e-10	-3.039840813506862e-10	9.766907549697616e-10
-6.400000000000000e-12	-4.344374527517023e-10	-1.770121786329759e-10	4.691153501408584e-10
-6.380000000000000e-12	-4.847551047367238e-12	-2.617608742918905e-10	2.618057563561423e-10
-6.360000000000000e-12	6.981491507258866e-11	2.220137387678949e-10	2.327320832379839e-10
-6.340000000000000e-12	-4.401052840149514e-10	8.683370047132567e-10	9.734997764623634e-10
-6.320000000000000e-12	-9.653397168970440e-10	1.330769226915379e-09	1.644027829546635e-09
-6.300000000000000e-12	-9.853452298683852e-10	2.020968231224348e-09	2.248381153995570e-09
-6.280000000000000e-12	-2.388166329104187e-10	2.121230975159223e-09	2.134632107443720e-09
-6.260000000000000e-12	2.732137037086121e-09	9.439834619043952e-10	2.890618889747788e-09
-6.240000000000000e-12	5.943768753933865e-09	-3.038868783227153e-10	5.951532091407829e-09
-6.220000000000000e-12	6.662862194745686e-09	-2.053904316957490e-09	6.972248960657380e-09
-6.200000000000000e-12	6.594288781241054e-09	-3.823881338420966e-09	7.622775939297031e-09
-6.180000000000000e-12	6.672966980558536e-09	-3.344141216620689e-09	7.464031671980352e-09
-6.160000000000000e-12	5.054222982312539e-09	-2.010845777317347e-09	5.439546920019283e-09
-6.140000000000000e-12	3.423774642398857e-09	-2.712567088802967e-09	4.368094895167735e-09
-6.120000000000000e-12	2.827633019256088e-09	-4.820378671079179e-09	5.588520289323675e-09
-6.100000000000000e-12	1.668647132976012e-09	-5.810911384591752e-09	6.045748454407203e-09
-6.080000000000000e-12	-2.001655151717119e-09	-4.782439340029583e-09	5.184433371879542e-09
-6.060000000000000e-12	-6.174300519169494e-09	-4.376042980501517e-09	7.567809396926782e-09
-6.040000000000000e-12	-7.245242904017488e-09	-2.593520176992611e-09	7.695446162938413e-09
-6.020000000000000e-12	-8.094368376500371e-09	1.381944071583898e-09	8.211490049404866e-09
-6.000000000000000e-12	-9.841425660457718e-09	4.388503316535087e-09	1.077555661622893e-08
-5.980000000000000e-12	-8.147096370699303e-09	7.137000348612771e-09	1.083106427132443e-08
-5.960000000000000e-12	-1.162145716687770e-09	9.246910292835150e-09	9.319653031661445e-09
-5.940000000000000e-12	3.135627238509483e-09	8.507539844549706e-09	9.066994672187883e-09
-5.920000000000000e-12	5.486236363944486e-10	3.962052997480233e-09	3.999856478581797e-09
-5.900000000000000e-12	-3.785853429375994e-09	-4.703786391278861e-09	6.038070271493881e-09
-5.880000000000000e-12	-4.723635510456953e-09	-7.900947853099035e-09	9.205308762504394e-09
-5.860000000000000e-12	2.030616892659012e-09	-3.306283574251540e-09	3.880066499187569e-09
-5.840000000000000e-12	1.020760551941951e-08	1.935477682134695e-09	1.038947950082800e-08
-5.820000000000000e-12	1.519094285323678e-08	8.515298526650376e-09	1.741479410639930e-08
-5.800000000000000e-12	2.834620552815940e-08	1.197937010185087e-08	3.077357106157446e-08
-5.780000000000000e-12	3.934202481642256e-08	7.173340107667150e-09	3.999064546811259e-08
-5.760000000000000e-12	3.405552853943774e-08	-1.061577503674623e-09	3.407207024671037e-08
-5.740000000000000e-12	2.155842899210067e-08	-7.140399015918649e-09	2.271015540928724e-08
-5.720000000000000e-12	8.649637805140183e-09	-1.373515298588814e-08	1.623177937583746e-08
-5.700000000000000e-12	-3.093090022677900e-09	-7.654853449731183e-09	8.256148449807027e-09
-5.680000000000000e-12	-5.071679641681542e-09	6.379276403994534e-09	8.149668816977070e-09
-5.660000000000000e-12	1.950768304984693e-09	-1.840379172062587e-08	1.850689186967683e-08
-5.640000000000000e-12	-5.692836105958312e-09	-5.905200765727942e-08	5.932577847179664e-08
-5.620000000000000e-12	7.247961821182147e-09	-4.924454996546869e-08	4.977508063140487e-08
-5.600000000000000e-12	6.558664731136831e-08	-3.930612112098228e-08	7.646292868523376e-08
-5.580000000000000e-12	9.260322909732480e-08	-4.263088460225008e-08	1.019448397969313e-07
-5.560000000000000e-12	7.248675176938649e-08	1.035851919815020e-09	7.249415266955287e-08
-5.540000000000000e-12	7.166303225533756e-08	1.428413958952465e-08	7.307275029614375e-08
-5.520000000000000e-12	3.627656976687839e-08	-3.877413531521291e-08	5.309823992839722e-08
-5.500000000000000e-12	-2.660728041217225e-08	-4.325851361948135e-08	5.078628133166297e-08
-5.480000000000000e-12	-3.136758742999346e-08	-3.547882349949928e-08	4.735686284042584e-08
-5.460000000000000e-12	-1.103938335159429e-09	4.082938663722215e-09	4.229547018245845e-09
-5.440000000000000e-12	-3.340035063904394e-08	1.231158049827502e-07	1.275660019729460e-07
-5.420000000000000e-12	-6.402584749478198e-08	3.085038159828488e-07	3.150776311060570e-07
-5.400000000000000e-12	-9.602842268724563e-08	3.977355750643973e-07	4.091638371552491e-07
-5.380000000000000e-12	-2.654463722561834e-07	3.577289931505295e-07	4.454568543467032e-07
-5.360000000000000e-12	-5.227117660717750e-07	3.768506194634288e-07	6.443942735467503e-07
-5.340000000000000e-12	-6.883372183917907e-07	3.818951981491862e-07	7.871798197316507e-07
-5.320000000000000e-12	-7.237219199522573e-07	1.708533580106086e-07	7.436156852587784e-07
-5.300000000000000e-12	-5.401859135550236e-07	-1.871753035694954e-07	5.716952120401291e-07
-5.280000000000000e-12	-1.636079475292716e-07	-4.639873041378880e-07	4.919875800219817e-07
-5.260000000000000e-12	8.207295659327672e-08	-3.818124502748695e-07	3.905338876318694e-07
-5.240000000000000e-12	2.319437849468155e-07	1.052268254667806e-07	2.546970831660051e-07
-5.220000000000000e-12	2.716387232623314e-07	6.232000101756990e-07	6.798278080945063e-07
-5.200000000000000e-12	1.944045946725248e-07	7.528338426936527e-07	7.775293828111450e-07
-5.180000000000000e-12	-2.472879956648683e-08	5.178314918286255e-07	5.184216116805502e-07
-5.160000000000000e-12	-2.609770972827428e-07	2.280426644887201e-07	3.465725063146833e-07
-5.140000000000000e-12	-3.893450554929731e-07	1.163618213937598e-07	4.063614717402470e-07
-5.120000000000000e-12	-3.013559372380397e-07	3.119423280294486e-07	4.337319643801336e-07
-5.100000000000000e-12	-1.527877651080440e-07	2.467679484997705e-07	2.902387320353647e-07
-5.080000000000000e-12	-1.304784026939908e-07	-1.821144096297917e-07	2.240318543519711e-07
-5.060000000000000e-12	-7.019582327794791e-08	-9.404540532100564e-07	9.430701351463169e-07
-5.040000000000000e-12	3.839019071239586e-08	-1.688279333600468e-06	1.688715759091912e-06
-5.020000000000000e-12	3.067941666184114e-07	-1.340568170879535e-06	1.375225683822982e-06
-5.000000000000000e-12	3.945658241142268e-08	-4.850585997570371e-07	4.866607309962936e-07
-4.980000000000000e-12	-5.777457721484433e-07	-1.203077518600984e-07	5.901390788560201e-07
-4.960000000000000e-12	-7.149960260815247e-07	-1.467684759491144e-07	7.299043107454552e-07
-4.940000000000000e-12	-7.657369094457999e-07	3.693507383476552e-07	8.501605627206917e-07
-4.920000000000000e-12	-1.408757494694899e-06	1.013826059177819e-06	1.735638486876536e-06
-4.900000000000000e-12	-2.206845595675924e-06	9.180483467039165e-07	2.390184145633976e-06
-4.880000000000000e-12	-2.570199074536814e-06	1.267023905563530e-07	2.573320185776070e-06
-4.860000000000000e-12	-1.908497740069261e-06	-6.754527650625342e-07	2.024499953489775e-06
-4.840000000000000e-12	-1.529226823058800e-07	-4.240203303120900e-07	4.507533552638283e-07
-4.820000000000000e-12	1.565942325858226e-06	3.331139838561754e-07	1.600981041160326e-06
-4.800000000000000e-12	2.547843899307976e-06	1.661893834655080e-06	3.041940113300299e-06
-4.780000000000000e-12	1.367443774068636e-06	2.053537626616653e-06	2.467168267299462e-06
-4.760000000000000e-12	1.431691420302347e-07	1.716316181587841e-06	1.722277166547225e-06
-4.740000000000000e-12	1.042464179353320e-06	4.174693330984653e-06	4.302882286677446e-06
-4.720000000000000e-12	-2.978923471148662e-07	7.958575227150579e-06	7.964148384898695e-06
-4.700000000000000e-12	-2.983402865120742e-06	8.704619781126977e-06	9.201689963783702e-06
-4.680000000000000e-12	-1.114658423087452e-06	8.125791865864632e-06	8.201887395442078e-06
-4.660000000000000e-12	1.419141940095793e-06	7.131202811255296e-06	7.271039635526291e-06
-4.640000000000000e-12	-4.545545162642818e-07	4.388727568179425e-06	4.412204604951400e-06
-4.620000000000000e-12	-6.522244248496085e-06	8.888810055289026e-07	6.582535945897321e-06
-4.600000000000000e-12	-1.347173552926506e-05	-4.748208989958436e-06	1.428401717944866e-05
-4.580000000000000e-12	-1.478009155293932e-05	-6.267254831703055e-06	1.605395868434865e-05
-4.560000000000000e-12	-1.192059938104975e-05	-3.076615710006078e-06	1.231122470879887e-05
-4.540000000000000e-12	-7.901330638011544e-06	1.309166490484828e-06	8.009053798732300e-06
-4.520000000000000e-12	-5.274344743549030e-06	6.492069631343283e-06	8.364549035782682e-06
-4.500000000000000e-12	-6.593826727906067e-06	1.342016516929647e-05	1.495257115311098e-05
-4.480000000000000e-12	-8.295848087221653e-06	2.453349392434323e-05	2.589813544682407e-05
-4.460000000000000e-12	-5.328449373600604e-06	3.106961823667743e-05	3.152322239397335e-05
-4.440000000000000e-12	3.447514587963651e-06	2.526932138059825e-05	2.550341074974447e-05
-4.420000000000000e-12	1.322299107129737e-05	1.452827382820815e-05	1.964480168642605e-05
-4.400000000000000e-12	1.211924185702179e-05	8.352175203177986e-07	1.214798796077913e-05
-4.380000000000000e-12	-1.896959322826684e-06	4.838906042486385e-07	1.957703958554302e-06
-4.360000000000000e-12	-1.250216840283540e-05	1.652884579852065e-05	2.072454965021266e-05
-4.340000000000000e-12	-1.596464786556545e-05	3.713421056321327e-05	4.042053408386093e-05
-4.320000000000000e-12	5.249605234111225e-06	4.565087362653345e-05	4.595172051163847e-05
-4.300000000000000e-12	3.521610850306527e-05	3.865136924356144e-05	5.228864735773716e-05
-4.280000000000000e-12	4.155513870548223e-05	1.146143401538085e-05	4.310677467081939e-05
-4.260000000000000e-12	2.057543701931006e-05	-1.208284802132622e-05	2.386092673896095e-05
-4.240000000000000e-12	-2.585685501930866e-05	-2.008632890959828e-05	3.274198467646870e-05
-4.220000000000000e-12	-4.931763992438565e-05	-1.059926050256197e-05	5.044376999107548e-05
-4.200000000000000e-12	-3.535020664515155e-05	-7.512842701314864e-06	3.613972765959390e-05
-4.180000000000000e-12	-1.531841036098403e-05	-3.226717263639312e-05	3.571868034984355e-05
-4.160000000000000e-12	9.308409410164124e-07	-5.196236313608215e-05	5.197069989468625e-05
-4.140000000000000e-12	-3.224908807022808e-06	-5.103919873416434e-05	5.114098008680647e-05
-4.120000000000000e-12	1.406214125906804e-05	-5.932937181447345e-05	6.097309387500376e-05
-4.100000000000000e-12	4.249649589382652e-05	-6.571838410221154e-05	7.826147310305260e-05
-4.080000000000000e-12	5.683092854822185e-05	-5.628156550650179e-05	7.998355490671660e-05
-4.060000000000000e-12	4.624391652105835e-05	-4.785558326126492e-05	6.654815297573985e-05
-4.040000000000000e-12	-1.169661348473732e-05	-2.816307669629445e-05	3.049540385062481e-05
-4.020000000000000e-12	-6.666969080418024e-05	2.253703635729212e-05	7.037588848245471e-05
-4.000000000000000e-12	-7.468259058917982e-05	9.257915871877526e-05	1.189470048642976e-04
-3.980000000000000e-12	-6.287127766679424e-05	1.629888190749443e-04	1.746944552608928e-04
-3.960000000000000e-12	-4.871372709647620e-05	1.749382259999398e-04	1.815940806404106e-04
-3.940000000000000e-12	3.864259952985458e-06	1.023776412901584e-04	1.024505438790863e-04
-3.920000000000000e-12	3.214254924653177e-05	3.752159616853269e-06	3.236081231761750e-05
-3.900000000000000e-12	4.619857341354539e-05	-2.648610596040752e-05	5.325243651132478e-05
-3.880000000000000e-12	1.351641030983168e-04	9.510785444184206e-05	1.652720143971841e-04
-3.860000000000000e-12	1.672294336252877e-04	1.350620119273212e-04	2.149591368992962e-04
-3.840000000000000e-12	1.168315601140963e-04	1.695999436990821e-04	2.059459986050361e-04
-3.820000000000000e-12	2.694241688006415e-05	4.428406848847820e-04	4.436595158638683e-04
-3.800000000000000e-12	5.652588265056063e-05	6.529630995746964e-04	6.554052065826300e-04
-3.780000000000000e-12	1.451133420359609e-04	4.670967932678350e-04	4.891188979358090e-04
-3.760000000000000e-12	1.623941151278322e-04	1.244300903390949e-04	2.045842027380094e-04
-3.740000000000000e-12	8.748359266791751e-05	-9.833389551261779e-05	1.316166174644089e-04
-3.720000000000000e-12	6.949904113556638e-05	-2.528979979409539e-04	2.622737388327430e-04
-3.700000000000000e-12	2.214385230165043e-04	-2.783176423859726e-04	3.556623813942333e-04
-3.680000000000000e-12	2.596437987197564e-04	-2.832494258356425e-04	3.842461964025753e-04
-3.660000000000000e-12	1.760277750660942e-04	-3.406491464036169e-04	3.834418059370057e-04
-3.640000000000000e-12	5.136013323952774e-05	-3.858219455712387e-04	3.892254320708732e-04
-3.620000000000000e-12	1.457111272569471e-04	-3.795366480258867e-04	4.065461840937829e-04
-3.600000000000000e-12	3.865390273549615e-04	-5.062164388946788e-04	6.369203267879977e-04
-3.580000000000000e-12	6.533898779742701e-04	-6.133027440416904e-04	8.961353628154057e-04
-3.560000000000000e-12	8.677443486745318e-04	-7.536963230976739e-04	1.149364346979469e-03
-3.540000000000000e-12	7.590565874691850e-04	-4.551725315812059e-04	8.850700178440169e-04
-3.520000000000000e-12	2.747107880686528e-04	3.026403404366718e-04	4.087263054183384e-04
-3.500000000000000e-12	-1.945875405275024e-04	9.189729164637504e-04	9.393484615000088e-04
-3.480000000000000e-12	-5.122081341438894e-04	8.078042252693281e-04	9.565065807646824e-04
-3.460000000000000e-12	-8.561471085108023e-04	-1.156100263436384e-04	8.639175594942981e-04
-3.440000000000000e-12	-2.383951481321655e-04	-9.731805069737004e-04	1.001954363135640e-03
-3.420000000000000e-12	1.141691691983735e-03	-1.594460185248818e-03	1.961061753716179e-03
-3.400000000000000e-12	2.237492512157423e-03	-1.404307554382770e-03	2.641676068191755e-03
-3.380000000000000e-12	2.625919066369930e-03	-4.693751489995681e-04	2.667538935727741e-03
-3.360000000000000e-12	1.636384794800793e-03	-2.930419397720633e-06	1.636387418679660e-03
-3.340000000000000e-12	-5.357011080944275e-04	-1.432987030289140e-04	5.545360182200668e-04
-3.320000000000000e-12	-2.008391021027986e-03	-5.676862731337138e-04	2.087079825509864e-03
-3.300000000000000e-12	-2.144487676854112e-03	-1.323379313085648e-03	2.519952420678254e-03
-3.280000000000000e-12	-1.697613697478430e-03	-1.959851347376471e-03	2.592857414066526e-03
-3.260000000000000e-12	-1.417261540251666e-03	-2.226708167706847e-03	2.639480922001314e-03
-3.240000000000000e-12	-1.144968072881820e-03	-2.368438322900606e-03	2.630675194185505e-03
-3.220000000000000e-12	-5.697315880824136e-04	-1.998441022493716e-03	2.078066553997884e-03
-3.200000000000000e-12	-1.223626776487098e-04	-1.414277927023353e-03	1.419561439229326e-03
-3.180000000000000e-12	2.507074773507274e-04	-1.915562439426188e-03	1.931898987664721e-03
-3.160000000000000e-12	6.775143499074753e-04	-2.980862303739234e-03	3.056888249214243e-03
-3.140000000000000e-12	1.154610427050231e-03	-2.381795603395651e-03	2.646899230157425e-03
-3.120000000000000e-12	1.545040856422519e-03	-7.210215560950656e-04	1.704999510958458e-03
-3.100000000000000e-12	1.441886925435877e-03	2.220077054189638e-04	1.458878105603179e-03
-3.080000000000000e-12	1.037462915526804e-03	1.519427642106611e-03	1.839834139451443e-03
-3.060000000000000e-12	7.248477577935781e-04	2.901170846087578e-03	2.990350573121300e-03
-3.040000000000000e-12	6.842871156295611e-04	3.087848731509731e-03	3.162761237479504e-03
-3.020000000000000e-12	1.905503463864623e-03	2.408082583548942e-03	3.070798785331240e-03
-3.000000000000000e-12	1.723866407899846e-03	3.605213482374701e-03	3.996158110708564e-03
-2.980000000000000e-12	2.069529957678441e-03	4.229682790127027e-03	4.708839639531726e-03
-2.960000000000000e-12	4.542758932836084e-03	5.256539544384735e-04	4.573070172398281e-03
-2.940000000000000e-12	5.676114635745308e-03	-3.014011101123584e-03	6.426705242643254e-03
-2.920000000000000e-12	7.177102534328879e-03	-4.691024608786706e-03	8.574177084042088e-03
-2.900000000000000e-12	9.603443411548044e-03	-4.496555384499657e-03	1.060401507376703e-02
-2.880000000000000e-12	8.664150024309026e-03	-3.839585789077384e-03	9.476809308803206e-03
-2.860000000000000e-12	4.076309564635224e-03	-1.674980487798480e-03	4.407023859844901e-03
-2.840000000000000e-12	-1.538210182749329e-03	3.745763783852066e-03	4.049300790350288e-03
-2.820000000000000e-12	-7.189611422714067e-03	7.534864403824277e-03	1.041463844757170e-02
-2.800000000000000e-12	-1.047503657996629e-02	1.083494277308123e-02	1.507057982453154e-02
-2.780000000000000e-12	-9.926851575215515e-03	1.494155308733566e-02	1.793857270961178e-02
-2.760000000000000e-12	-7.033000137879347e-03	1.919564719574922e-02	2.044348214475914e-02
-2.740000000000000e-12	-3.833065528126738e-03	2.058652338190523e-02	2.094032798923274e-02
-2.720000000000000e-12	-9.024414486733019e-04	1.813465998598079e-02	1.815710035703433e-02
-2.700000000000000e-12	6.775093647025848e-03	1.601969618491290e-02	1.739346313368568e-02
-2.680000000000000e-12	1.344436432896943e-02	1.649192011802550e-02	2.127755534335183e-02
-2.660000000000000e-12	1.464809463858974e-02	1.714553640539396e-02	2.255074489168309e-02
-2.640000000000000e-12	1.092705849033059e-02	1.672463914744962e-02	1.997784177191095e-02
-2.620000000000000e-12	1.615954037281231e-03	5.641134474894819e-03	5.868023995729086e-03
-2.600000000000000e-12	-7.801614936812810e-03	-8.603065681018724e-03	1.161369599801127e-02
-2.580000000000000e-12	-1.028820935806096e-02	-1.124336331172537e-02	1.524009417145265e-02
-2.560000000000000e-12	-8.690996786224328e-03	2.385484876402290e-04	8.694269981954611e-03
-2.540000000000000e-12	-8.353692479607135e-03	1.806060824681620e-02	1.989898862477212e-02
-2.520000000000000e-12	1.525533387871927e-03	3.074804193035503e-02	3.078586257794936e-02
-2.500000000000000e-12	1.243300019950400e-02	3.393806922864213e-02	3.614376899174977e-02
-2.480000000000000e-12	1.067109261535616e-02	2.389508513324219e-02	2.616958752312311e-02
-2.460000000000000e-12	6.438837039485489e-03	6.240618607174682e-03	8.966824578481788e-03
-2.440000000000000e-12	5.424935217315113e-03	2.263216612840130e-03	5.878101015523749e-03
-2.420000000000000e-12	4.663808495918929e-03	4.991874821028200e-03	6.831538912677063e-03
-2.400000000000000e-12	4.389981556707243e-03	4.519469538605162e-03	6.300598620655795e-03
-2.380000000000000e-12	7.743478011820523e-03	8.249272970338738e-03	1.131423688362186e-02
-2.360000000000000e-12	1.420862738417930e-02	2.007131203040099e-02	2.459151599158070e-02
-2.340000000000000e-12	2.100626328432987e-02	3.283031923966780e-02	3.897554308215713e-02
-2.320000000000000e-12	2.609758006125765e-02	3.419553416484922e-02	4.301648802346750e-02
-2.300000000000000e-12	1.836341937759079e-02	3.001494083791238e-02	3.518681350649213e-02
-2.280000000000000e-12	1.174247023545321e-02	2.971281779933032e-02	3.194897727325094e-02
-2.260000000000000e-12	7.505773067633960e-03	3.527854676541895e-02	3.606816451141742e-02
-2.240000000000000e-12	-4.446876320639823e-03	3.068125375608383e-02	3.100183931730947e-02
-2.220000000000000e-12	-1.616261692829075e-02	3.029057059459601e-02	3.433291209491084e-02
-2.200000000000000e-12	-2.492583535050846e-02	3.267632227776730e-02	4.109792337236966e-02
-2.180000000000000e-12	-3.473443167575638e-02	2.207247251914051e-02	4.115428029921069e-02
-2.160000000000000e-12	-4.940374224235665e-02	2.945299283784282e-02	5.751702821474033e-02
-2.140000000000000e-12	-4.170865672611383e-02	7.525499583845338e-02	8.604026060247863e-02
-2.120000000000000e-12	-2.133119142994944e-02	1.124685734474744e-01	1.144735766067047e-01
-2.100000000000000e-12	-2.310651952962343e-02	1.226869316382299e-01	1.248438802648194e-01
-2.080000000000000e-12	-5.662435286380587e-04	1.196872727107519e-01	1.196886121595184e-01
-2.060000000000000e-12	3.524563796027587e-02	1.025309070622796e-01	1.084197486542035e-01
-2.040000000000000e-12	3.377327339107714e-02	7.952642308618227e-02	8.640072895775187e-02
-2.020000000000000e-12	1.381660217807095e-02	4.569965928304720e-02	4.774261570477342e-02
-2.000000000000000e-12	-1.123819269682418e-02	-2.362850606513901e-03	1.148390343392243e-02
-1.980000000000000e-12	-2.061284010654157e-02	-5.702462075850081e-02	6.063576955814686e-02
-1.960000000000000e-12	-1.547318753552305e-02	-1.022130966279605e-01	1.033776409809503e-01
-1.940000000000000e-12	-1.971169673869899e-02	-1.331646987349079e-01	1.346157047950841e-01
-1.920000000000000e-12	-3.420553320368096e-02	-1.477759936873983e-01	1.516830999552887e-01
-1.900000000000000e-12	-3.579159928786711e-02	-1.242681278625909e-01	1.293197826399987e-01
-1.880000000000000e-12	-1.449338511783860e-02	-9.369696370591951e-02	9.481128213394428e-02
-1.860000000000000e-12	1.679158138060837e-02	-4.783680131223802e-02	5.069829153973663e-02
-1.840000000000000e-12	4.636714308665760e-02	-2.298784866343088e-02	5.175280808025185e-02
-1.820000000000000e-12	4.725331692441041e-02	-5.406845678704596e-02	7.180720005467020e-02
-1.800000000000000e-12	3.888822986020755e-02	-9.046668075963504e-02	9.847088274879057e-02
-1.780000000000000e-12	2.589612655354845e-02	-9.891599454424396e-02	1.022496129437872e-01
-1.760000000000000e-12	1.260770835197755e-02	-7.314245870418104e-02	7.422111273203437e-02
-1.740000000000000e-12	5.907434629778382e-02	-2.993020577709749e-02	6.622382961117459e-02
-1.720000000000000e-12	1.160365080923016e-01	-1.692219324117080e-02	1.172639408955127e-01
-1.700000000000000e-12	1.247052117527530e-01	-2.258508075689949e-02	1.267338775193699e-01
-1.680000000000000e-12	1.231508863310989e-01	-2.366151182416213e-02	1.254033809190973e-01
-1.660000000000000e-12	1.136781823327252e-01	-5.992746549936134e-02	1.285069268936483e-01
-1.640000000000000e-12	7.386395593284890e-02	-1.099453126491470e-01	1.324532210237582e-01
-1.620000000000000e-12	4.486450811096639e-02	-1.160219848932380e-01	1.243942324491201e-01
-1.600000000000000e-12	2.348908344470877e-02	-1.070237921248761e-01	1.095711144502108e-01
-1.580000000000000e-12	-3.566279711183509e-03	-9.075636094695880e-02	9.082640256727702e-02
-1.560000000000000e-12	-4.629299978159467e-02	-5.170011674200112e-02	6.939700209602191e-02
-1.540000000000000e-12	-7.912079836366977e-02	-2.006608539747217e-02	8.162566089706799e-02
-1.520000000000000e-12	-9.204535192245188e-02	-7.073710268324335e-03	9.231676005736018e-02
-1.500000000000000e-12	-5.063888018538235e-02	1.096988249125111e-02	5.181345875640196e-02
-1.480000000000000e-12	2.820159018701556e-02	3.420590059695284e-02	4.433253122397807e-02
-1.460000000000000e-12	5.947952537506587e-02	4.402249422948264e-02	7.399860766952265e-02
-1.440000000000000e-12	8.046246282669406e-02	6.245143250740061e-02	1.018547463124009e-01
-1.420000000000000e-12	9.548919290647022e-02	5.215921308356747e-02	1.088061095317082e-01
-1.400000000000000e-12	8.109242072275956e-02	5.397249184078503e-02	9.741155257042489e-02
-1.380000000000000e-12	5.867794163065680e-02	7.600647145458977e-02	9.602127127354718e-02
-1.360000000000000e-12	-2.456138908164501e-02	6.365090755600500e-02	6.822536087352740e-02
-1.340000000000000e-12	-1.241603211131677e-01	8.747421706448710e-02	1.518799657294204e-01
-1.320000000000000e-12	-3.155949141488981e-01	1.442396691923200e-01	3.469945705704345e-01
-1.300000000000000e-12	-6.150109638271140e-01	2.508590527164513e-01	6.642053522498528e-01
-1.280000000000000e-12	-6.619433558426211e-01	2.554948687740088e-01	7.095397341333598e-01
-1.260000000000000e-12	-5.732092701952134e-01	1.080464287539715e-01	5.833034357898265e-01
-1.240000000000000e-12	-5.890587905817737e-01	-8.745818363155853e-03	5.891237120507909e-01
-1.220000000000000e-12	-5.090930357759608e-01	1.824492201733321e-02	5.094198624464914e-01
-1.200000000000000e-12	-3.373901153193782e-01	-3.878254465150455e-02	3.396118014511116e-01
-1.180000000000000e-12	-2.446931071818422e-01	-1.240477604906913e-01	2.743402332598345e-01
-1.160000000000000e-12	-1.334487368953213e-01	-1.099631231294612e-01	1.729174769285677e-01
-1.140000000000000e-12	4.655246468373098e-02	-2.787568771061098e-02	5.426035323760368e-02
-1.120000000000000e-12	2.003750524518064e-01	5.290662996316432e-02	2.072420641161523e-01
-1.100000000000000e-12	3.149406211779915e-01	9.864858640710696e-02	3.300289964050123e-01
-1.080000000000000e-12	4.007706018749276e-01	8.173202427810562e-02	4.090198028455206e-01
-1.060000000000000e-12	4.467151717364545e-01	2.333030155567940e-02	4.473239850826345e-01
-1.040000000000000e-12	4.423701213253933e-01	-6.656896516779882e-02	4.473508146465756e-01
-1.020000000000000e-12	3.874295389866916e-01	-1.327082841868623e-01	4.095279433338602e-01
-1.000000000000000e-12	3.233194730203998e-01	-1.570176338076893e-01	3.594301308470877e-01
-9.800000000000001e-13	2.708444266685607e-01	-1.580185593589861e-01	3.135706755411143e-01
-9.599999999999999e-13	2.327852771234744e-01	-1.411882006395273e-01	2.722555660501365e-01
-9.400000000000000e-13	2.069260676603161e-01	-1.159415760526196e-01	2.371936899138067e-01
-9.199999999999999e-13	1.869633337098203e-01	-9.055379084561421e-02	2.077384826853245e-01
-9.000000000000000e-13	1.692274703982078e-01	-6.811355288388608e-02	1.824209221110403e-01
-8.800000000000000e-13	1.551734369791055e-01	-4.945807216320025e-02	1.628646568350812e-01
-8.600000000000000e-13	1.447627745832896e-01	-3.283739759694493e-02	1.484404108926952e-01
-8.400000000000000e-13	1.347321487080721e-01	-1.629684775719518e-02	1.357141818024750e-01
-8.200000000000000e-13	1.226844416854410e-01	8.383744478603724e-04	1.226873062031407e-01
-8.000000000000000e-13	1.055097445760930e-01	1.881688301176029e-02	1.071745365597195e-01
-7.800000000000000e-13	7.982306991105681e-02	3.440607326739661e-02	8.692238128184780e-02
-7.600000000000000e-13	4.762084168558257e-02	4.253409685161658e-02	6.385055957331946e-02
-7.400000000000000e-13	1.492190609520926e-02	4.166686519691375e-02	4.425823015950847e-02
-7.200000000000000e-13	-1.136994917087761e-02	3.492315945618607e-02	3.672741224957918e-02
-7.000000000000000e-13	-2.642761890227607e-02	2.815397183208218e-02	3.861431302982894e-02
-6.800000000000000e-13	-2.964452859654082e-02	2.609782837359501e-02	3.949550254812245e-02
-6.600000000000000e-13	-2.240010156105816e-02	2.942838933266334e-02	3.698370788145144e-02
-6.400000000000000e-13	-6.968660693153651e-03	3.491232878005147e-02	3.560102432097587e-02
-6.200000000000000e-13	1.219648244491434e-02	3.969821242205760e-02	4.152953471369396e-02
-6.000000000000000e-13	2.967481537180824e-02	4.277305904856849e-02	5.205890171453133e-02
-5.800000000000000e-13	4.077154199743764e-02	4.209151652560595e-02	5.860046416432365e-02
-5.600000000000000e-13	4.383625206124264e-02	3.566775336755823e-02	5.651376491675069e-02
-5.400000000000000e-13	4.291931713031263e-02	2.596141104598121e-02	5.016036928124376e-02
-5.200000000000000e-13	4.548617769164675e-02	1.563004429307947e-02	4.809668019312444e-02
-5.000000000000000e-13	5.644486277192877e-02	1.323585806261848e-04	5.644501795673145e-02
-4.800000000000000e-13	7.378227111351920e-02	-2.682700140520005e-02	7.850803484397922e-02
-4.600000000000000e-13	9.182079321473487e-02	-6.855451367265551e-02	1.145896130173997e-01
-4.400000000000000e-13	1.044837443619365e-01	-1.283097427464763e-01	1.654697643666583e-01
-4.200000000000000e-13	1.047420744224900e-01	-2.098922540754258e-01	2.345754899284866e-01
-4.000000000000000e-13	8.532125772615863e-02	-3.180139164082294e-01	3.292606384754696e-01
-3.800000000000000e-13	4.223019040052478e-02	-4.546533586332167e-01	4.566104088801842e-01
-3.600000000000000e-13	-1.771645579300754e-02	-6.171790398367576e-01	6.174332676651685e-01
-3.400000000000000e-13	-7.885205790083501e-02	-8.033896996498593e-01	8.072500582463205e-01
-3.200000000000000e-13	-1.303333897262802e-01	-1.006489784868182e+00	1.014893334061044e+00
-3.000000000000000e-13	-1.637803597057589e-01	-1.205901474371173e+00	1.216972625869586e+00
-2.800000000000000e-13	-1.676018586574752e-01	-1.367726608667920e+00	1.377957350241179e+00
-2.600000000000000e-13	-1.223665993534469e-01	-1.461955358139441e+00	1.467067501456545e+00
-2.400000000000000e-13	2.487017605635868e-02	-1.469720210244417e+00	1.469930618110246e+00
-2.200000000000000e-13	3.311421463200988e-01	-1.374054254105672e+00	1.413393156306969e+00
-2.000000000000000e-13	8.021228617400179e-01	-1.163983869240546e+00	1.413598080494661e+00
-1.800000000000000e-13	1.438875574618575e+00	-8.361699773738828e-01	1.664194444857744e+00
-1.600000000000000e-13	2.257556505856703e+00	-3.755855264618793e-01	2.288585996816282e+00
-1.400000000000000e-13	3.226328094206067e+00	2.105404998941120e-01	3.233190417151303e+00
-1.200000000000000e-13	4.307364530772801e+00	8.674707068314428e-01	4.393847360590743e+00
-1.000000000000000e-13	5.476716993745364e+00	1.552900073681688e+00	5.692620457084756e+00
-8.000000000000000e-14	6.645298477204580e+00	2.192597800383556e+00	6.997676540494304e+00
-6.000000000000000e-14	7.718056651058196e+00	2.633070824082917e+00	8.154842759586499e+00
-4.000000000000000e-14	8.612923510426088e+00	2.784362034587583e+00	9.051802214813531e+00
-2.000000000000000e-14	9.232855885617825e+00	2.567797907579624e+00	9.583277826441119e+00
0.000000000000000e+00	9.573941082626211e+00	1.853110371424809e+00	9.751634011912062e+00
2.000000000000000e-14	9.638642707915647e+00	7.189648648064417e-01	9.665419997479759e+00
4.000000000000000e-14	9.255268954652676e+00	-5.850424038468457e-01	9.273741318219768e+00
6.000000000000000e-14	8.263731474224107e+00	-1.892219765545585e+00	8.477603052703254e+00
8.000000000000000e-14	6.745878947879302e+00	-3.035372920095189e+00	7.397321916983764e+00
1.000000000000000e-13	4.927134640620620e+00	-3.775976722313617e+00	6.207628852811513e+00
1.200000000000000e-13	3.006354708989770e+00	-3.993068940455017e+00	4.998276522911824e+00
1.400000000000000e-13	1.167368801357063e+00	-3.726831717743511e+00	3.905384049073903e+00
1.600000000000000e-13	-3.843819283166554e-01	-3.061227539308850e+00	3.085265550036066e+00
1.800000000000000e-13	-1.498668474247920e+00	-2.095535209728278e+00	2.576290940657815e+00
2.000000000000000e-13	-2.127867142955522e+00	-9.674150304460728e-01	2.337458110684055e+00
2.200000000000000e-13	-2.300395723101854e+00	1.433231193418226e-01	2.304856177596158e+00
2.400000000000000e-13	-2.089462223078203e+00	1.067150770263741e+00	2.346201855797025e+00
2.600000000000000e-13	-1.607623563876205e+00	1.710374569149212e+00	2.347303706366601e+00
2.800000000000000e-13	-9.896175237103025e-01	2.042230932658533e+00	2.269372165499051e+00
3.000000000000000e-13	-3.499659239814583e-01	2.056038544834592e+00	2.085610377274179e+00
3.200000000000000e-13	2.376647173584779e-01	1.789984313163720e+00	1.805693318160445e+00
3.400000000000000e-13	7.042982434874364e-01	1.337049574160066e+00	1.511204016518320e+00
3.600000000000000e-13	9.740164446152354e-01	8.043674391127145e-01	1.263216138072044e+00
3.800000000000000e-13	1.017221898913069e+00	2.850761007489594e-01	1.056413164839657e+00
4.000000000000000e-13	8.736030895048398e-01	-1.471949962840488e-01	8.859168837557292e-01
4.200000000000000e-13	6.133305703407838e-01	-4.410493831657178e-01	7.554461906088422e-01
4.400000000000000e-13	3.072438146939567e-01	-5.796959162589921e-01	6.560839252679849e-01
4.600000000000000e-13	1.737601790085054e-02	-5.830654344547512e-01	5.833242896142748e-01
4.800000000000000e-13	-2.093064381507894e-01	-4.878429038695324e-01	5.308482682530179e-01
5.000000000000000e-13	-3.440716293431972e-01	-3.335791385988354e-01	4.792288887652992e-01
5.200000000000000e-13	-3.820954616217703e-01	-1.615968973352797e-01	4.148620240758880e-01
5.400000000000000e-13	-3.409065182464355e-01	-1.043541295791484e-02	3.410661988918126e-01
5.600000000000000e-13	-2.529950715293056e-01	9.373333520687503e-02	2.698007493449987e-01
5.800000000000000e-13	-1.551864084087365e-01	1.459265715420072e-01	2.130196836839444e-01
6.000000000000000e-13	-7.329804059629846e-02	1.576704790873652e-01	1.738751929715562e-01
6.200000000000000e-13	-1.629917415481683e-02	1.463592197734357e-01	1.472639952290372e-01
6.400000000000000e-13	1.848442694820703e-02	1.252909279823545e-01	1.266471108011673e-01
6.600000000000000e-13	3.675510932898840e-02	1.004480239428821e-01	1.069614116203395e-01
6.800000000000000e-13	4.448519944443827e-02	7.688926419910322e-02	8.883069243617854e-02
7.000000000000000e-13	4.621042515520869e-02	5.800778353178870e-02	7.416405020827814e-02
7.200000000000000e-13	4.173281500725048e-02	4.339121160641023e-02	6.020319836272538e-02
7.400000000000000e-13	3.127183523913365e-02	3.191508308814967e-02	4.468221355021502e-02
7.600000000000000e-13	1.824069240163552e-02	2.266869969487499e-02	2.909626789035854e-02
7.800000000000000e-13	5.323314718572070e-03	1.529274343298308e-02	1.619276632635737e-02
8.000000000000000e-13	-5.882969993682355e-03	9.994793548856464e-03	1.159763915764022e-02
8.200000000000000e-13	-1.442472863324394e-02	7.019694607517852e-03	1.604209800884980e-02
8.400000000000000e-13	-2.047422755713259e-02	5.980846528699579e-03	2.132989731013972e-02
8.600000000000000e-13	-2.515828806782520e-02	5.068018119733172e-03	2.566367600648083e-02
8.800000000000000e-13	-2.960101820054951e-02	2.180191313006263e-03	2.968119796555677e-02
9.000000000000000e-13	-3.401058280796231e-02	-3.492556099000396e-03	3.418943829667177e-02
9.199999999999999e-13	-3.769162517906769e-02	-1.227657354586442e-02	3.964054574127793e-02
9.400000000000000e-13	-3.915497199423495e-02	-2.417764952923408e-02	4.601815477208746e-02
9.599999999999999e-13	-3.723369407290290e-02	-3.863245075922167e-02	5.365458252543031e-02
9.800000000000001e-13	-3.172934981642490e-02	-5.487389626791041e-02	6.338687664962248e-02
1.000000000000000e-12	-2.195724616229765e-02	-7.035023064303261e-02	7.369718862045974e-02
1.020000000000000e-12	-6.527314608744002e-03	-8.001014065791721e-02	8.027595184176405e-02
1.040000000000000e-12	1.413850891002979e-02	-7.879072947882249e-02	8.004921290058996e-02
1.060000000000000e-12	3.534181108341552e-02	-6.403954176848693e-02	7.314442234766513e-02
1.080000000000000e-12	4.916795898820128e-02	-3.800758974424227e-02	6.214551527851445e-02
1.100000000000000e-12	5.109670130374170e-02	-9.337575076959271e-03	5.194288394420981e-02
1.120000000000000e-12	4.607771146881430e-02	1.463941868260099e-02	4.834736883810522e-02
1.140000000000000e-12	4.035607943002125e-02	2.923950041036751e-02	4.983534419676527e-02
1.160000000000000e-12	3.720361569542362e-02	3.766322399503651e-02	5.293984758679481e-02
1.180000000000000e-12	4.388147801798499e-02	4.380165488258564e-02	6.200136356158660e-02
1.200000000000000e-12	5.192762972303675e-02	4.817441953211443e-02	7.083257319841611e-02
1.220000000000000e-12	5.417578838437553e-02	6.340768674773783e-02	8.339994475878199e-02
1.240000000000000e-12	5.488065609660470e-02	9.106996853515838e-02	1.063279153495851e-01
1.260000000000000e-12	4.202549998353585e-02	1.216681842773168e-01	1.287217530730735e-01
1.280000000000000e-12	3.035042652664560e-02	1.573309972272000e-01	1.602316793859894e-01
1.300000000000000e-12	1.134457042538670e-02	1.679118149174008e-01	1.682946133035518e-01
1.320000000000000e-12	-5.546715174479678e-02	1.347055032763123e-01	1.456783358485568e-01
1.340000000000000e-12	-1.156962794078274e-01	1.285114932768469e-01	1.729185732449210e-01
1.360000000000000e-12	-1.134797100255199e-01	9.772206350665075e-02	1.497572912531272e-01
1.380000000000000e-12	-8.837194030430152e-02	1.405215178091876e-02	8.948219265765121e-02
1.400000000000000e-12	-9.899481375360214e-02	-3.767616761166928e-02	1.059219842903869e-01
1.420000000000000e-12	-8.169196765071027e-02	-5.319710112501648e-02	9.748594332902526e-02
1.440000000000000e-12	-5.205679904737988e-02	-6.660155194828456e-02	8.453210661623983e-02
1.460000000000000e-12	-2.667590334956991e-02	-6.668287654933071e-02	7.182067839006309e-02
1.480000000000000e-12	-2.665027703989293e-03	-7.199552816885274e-02	7.204483637968163e-02
1.500000000000000e-12	1.481587009772978e-02	-7.860384363342937e-02	7.998796309884018e-02
1.520000000000000e-12	3.685548495606922e-02	-7.028906249266684e-02	7.936547786944315e-02
1.540000000000000e-12	4.780290359924726e-02	-7.703759878369631e-02	9.066371500703406e-02
1.560000000000000e-12	3.818647275139847e-02	-5.678165282369581e-02	6.842779258885982e-02
1.580000000000000e-12	2.736108269940677e-02	-2.611777749401845e-02	3.782548278225716e-02
1.600000000000000e-12	1.245518824684156e-02	-1.447998273706710e-02	1.909978047858198e-02
1.620000000000000e-12	1.908443504151916e-02	-6.058641784327478e-03	2.002305673779015e-02
1.640000000000000e-12	4.195809880164127e-02	-9.884045462639430e-03	4.310657037802722e-02
1.660000000000000e-12	4.733806145535028e-02	-2.291745495317457e-02	5.259374301075467e-02
1.680000000000000e-12	3.870216873719851e-02	-3.742085901103093e-02	5.383473371426704e-02
1.700000000000000e-12	2.672074386995782e-02	-4.303353686905160e-02	5.065455012557028e-02
1.720000000000000e-12	3.289769197538279e-03	-3.386467762663842e-02	3.402409399424496e-02
1.740000000000000e-12	-1.494991379995694e-02	-1.625132323168126e-02	2.208178954266900e-02
1.760000000000000e-12	-1.980365019526332e-02	-5.285104030126090e-03	2.049675305177891e-02
1.780000000000000e-12	-2.083053294677913e-02	1.077384976234249e-03	2.085837628469354e-02
1.800000000000000e-12	-2.042800951026130e-02	6.296401609144588e-03	2.137634781189164e-02
1.820000000000000e-12	-8.818483366576551e-03	6.020759974956573e-03	1.067779001304232e-02
1.840000000000000e-12	5.597171010007211e-03	-3.133530796499681e-03	6.414619128824179e-03
1.860000000000000e-12	-7.146864313893093e-04	-1.105188659421959e-02	1.107497060884149e-02
1.880000000000000e-12	-2.824064547314144e-02	-5.542762107763752e-03	2.877944176878568e-02
1.900000000000000e-12	-4.138674670124882e-02	1.376180341863886e-02	4.361479148003107e-02
1.920000000000000e-12	-2.906401992045793e-02	3.563718521962578e-02	4.598615252785004e-02
1.940000000000000e-12	-8.109582165218111e-03	4.349182131896681e-02	4.424142679136105e-02
1.960000000000000e-12	1.207353922486896e-02	3.734984709666916e-02	3.925278878702779e-02
1.980000000000000e-12	2.151330925964477e-02	2.826786862875197e-02	3.552315965836227e-02
2.000000000000000e-12	1.812991411128365e-02	1.987903327488454e-02	2.690482762677525e-02
2.020000000000000e-12	7.194237163626304e-03	1.042177194429379e-02	1.266374268632189e-02
2.040000000000000e-12	2.713183763413210e-03	6.524957330688017e-04	2.790540595605458e-03
2.060000000000000e-12	7.189757563154791e-03	-4.409524370515381e-03	8.434246794534209e-03
2.080000000000000e-12	4.435295245171876e-03	-1.315957747601614e-02	1.388691194107299e-02
2.100000000000000e-12	-2.865192398614025e-03	-2.428488670519122e-02	2.445332390013776e-02
2.120000000000000e-12	-8.416622199466135e-03	-2.428608906190666e-02	2.570318367773550e-02
2.140000000000000e-12	-1.735975137640391e-02	-1.419845344843522e-02	2.242670390801866e-02
2.160000000000000e-12	-2.122738778143866e-02	-9.464043695943461e-03	2.324156008322803e-02
2.180000000000000e-12	-1.869201809510294e-02	-6.004758815028825e-03	1.963284668341100e-02
2.200000000000000e-12	-1.135495847823378e-02	4.453926621449765e-03	1.219723511258482e-02
2.220000000000000e-12	-7.542832681167735e-03	1.431617057022660e-02	1.618168917795402e-02
2.240000000000000e-12	-1.005023747538332e-02	1.629458938252722e-02	1.914473599861769e-02
2.260000000000000e-12	-9.185869938777239e-03	1.580797935912639e-02	1.828311838693546e-02
2.280000000000000e-12	-5.254679186922959e-03	1.611823953887051e-02	1.695315012585832e-02
2.300000000000000e-12	-2.948949200116431e-03	1.617384066786363e-02	1.644048123791718e-02
2.320000000000000e-12	-2.280413615263536e-03	1.590689426473904e-02	1.606952306094574e-02
2.340000000000000e-12	-9.258750931484996e-04	1.706794325427589e-02	1.709303751880556e-02
2.360000000000000e-12	1.978608060231186e-03	1.613086502292516e-02	1.625175978913798e-02
2.380000000000000e-12	4.117442832919874e-03	1.165144299430010e-02	1.235756688558829e-02
2.400000000000000e-12	5.445637122408966e-03	7.372874157875901e-03	9.165928049948509e-03
2.420000000000000e-12	6.348967520925491e-03	5.077438790519097e-03	8.129561688875657e-03
2.440000000000000e-12	5.376968920324716e-03	3.022755003123325e-03	6.168374387068690e-03
2.460000000000000e-12	3.380249739081632e-03	1.899692931530668e-03	3.877489075763983e-03
2.480000000000000e-12	1.372397658288361e-03	5.064396608746859e-04	1.462859002974055e-03
2.500000000000000e-12	8.770073704116014e-04	-1.113760770636987e-03	1.417605368911308e-03
2.520000000000000e-12	3.643045763202635e-04	-7.359955958017952e-04	8.212230764947647e-04
2.540000000000000e-12	3.451261638555885e-04	-1.513807081779061e-04	3.768662730812070e-04
2.560000000000000e-12	1.127080733508655e-03	6.895013196777209e-05	1.129187805701417e-03
2.580000000000000e-12	1.886107235726500e-03	5.362854932254149e-04	1.960867826984748e-03
2.600000000000000e-12	1.606583077095609e-03	1.204868492491455e-03	2.008187557925959e-03
2.620000000000000e-12	1.449507816338797e-03	1.101272613903727e-03	1.820404976855868e-03
2.640000000000000e-12	1.516359508629218e-03	-1.040972004021641e-04	1.519928414939931e-03
2.660000000000000e-12	1.987030923018817e-03	-1.129503477161744e-03	2.285622452189662e-03
2.680000000000000e-12	1.847340308870631e-03	-2.122487979083977e-03	2.813826831582609e-03
2.700000000000000e-12	2.223275792651258e-03	-1.966835504060416e-03	2.968399762535644e-03
2.720000000000000e-12	3.610294127129413e-03	-1.239077433104229e-03	3.817006231277766e-03
2.740000000000000e-12	3.361801164835090e-03	-5.772117260714715e-04	3.410994055785054e-03
2.760000000000000e-12	1.523571149720269e-03	6.802229824450462e-04	1.668524004653927e-03
2.780000000000000e-12	-1.544303198830257e-04	1.630477937555284e-03	1.637775023791030e-03
2.800000000000000e-12	-1.497571789855715e-03	1.802128094168736e-03	2.343157470927614e-03
2.820000000000000e-12	-2.328458706168608e-03	1.317586234724500e-03	2.675397808227381e-03
2.840000000000000e-12	-2.031514552908623e-03	4.061175478670630e-04	2.071710124840124e-03
2.860000000000000e-12	-1.125638721438842e-03	-5.374075141172564e-04	1.247344927208252e-03
2.880000000000000e-12	-7.007124075611694e-04	-1.054728365397541e-03	1.266273984129951e-03
2.900000000000000e-12	-3.886569095125860e-04	-5.467309106855159e-04	6.707971988692917e-04
2.920000000000000e-12	3.089593796798841e-04	1.907976908694727e-04	3.631248506138097e-04
2.940000000000000e-12	5.567184654833543e-04	5.933637392460334e-04	8.136436424271841e-04
2.960000000000000e-12	1.257166146820443e-05	4.266050056528116e-04	4.267902031679108e-04
2.980000000000000e-12	-5.919243583009647e-04	1.595390036288213e-04	6.130474203753620e-04
3.000000000000000e-12	-6.803647035623160e-04	-1.882237139981179e-04	7.059208853438772e-04
3.020000000000000e-12	-2.809223015155564e-04	-7.509664488479955e-04	8.017904631411913e-04
3.040000000000000e-12	1.563456334873862e-06	-1.104661460918750e-03	1.104662567318572e-03
3.060000000000000e-12	-4.352071426708644e-05	-9.994405855015989e-04	1.000387693106076e-03
3.080000000000000e-12	-1.154724612957416e-04	-4.740403184181957e-04	4.879017450304118e-04
3.100000000000000e-12	1.359250445489263e-06	2.392539628446475e-05	2.396397607122496e-05
3.120000000000000e-12	-5.139466046933497e-05	2.454982622196683e-04	2.508202700692973e-04
3.140000000000000e-12	-1.426685551010413e-04	2.815961960684871e-04	3.156750453470478e-04
3.160000000000000e-12	-2.239758423261727e-04	2.404264522643059e-04	3.285879743601691e-04
3.180000000000000e-12	-4.166518384310877e-04	2.266893532013878e-04	4.743277530599161e-04
3.200000000000000e-12	-4.975746756948651e-04	1.645442214786132e-04	5.240757184938575e-04
3.220000000000000e-12	-3.846423218977174e-04	1.186213004109087e-05	3.848251887857382e-04
3.240000000000000e-12	-2.517165527969582e-04	-1.498344633096720e-04	2.929361523391766e-04
3.260000000000000e-12	-2.085590105542133e-04	-2.667488267707951e-04	3.386027133189397e-04
3.280000000000000e-12	-1.464842244913698e-04	-2.398969825259862e-04	2.810839558742394e-04
3.300000000000000e-12	-3.141025874428028e-05	-1.240011147394474e-04	1.279174765659808e-04
3.320000000000000e-12	7.170269017152793e-05	-2.286115498247627e-05	7.525894089719126e-05
3.340000000000000e-12	1.187734816540437e-04	-5.986333849736490e-05	1.330066135208078e-04
3.360000000000000e-12	7.497546171295038e-05	-1.806683791963378e-04	1.956077276093707e-04
3.380000000000000e-12	3.253594506144690e-05	-2.068943975591826e-04	2.094370536997181e-04
3.400000000000000e-12	-1.592446825024571e-05	-1.736089844572437e-04	1.743377990377548e-04
3.420000000000000e-12	-2.730869467974153e-05	-1.036214643344482e-04	1.071595664228195e-04
3.440000000000000e-12	2.232035173433392e-06	-6.025242813816240e-05	6.029375653879817e-05
3.460000000000000e-12	4.722256132129000e-05	-7.402553120470809e-05	8.780517961875714e-05
3.480000000000000e-12	2.582186425768675e-05	-1.005577059052417e-04	1.038201372117542e-04
3.500000000000000e-12	7.627764213363971e-07	-7.910097675933503e-05	7.910465442785152e-05
3.520000000000000e-12	3.228850344445032e-05	-3.078059359947885e-05	4.460933082908282e-05
3.540000000000000e-12	6.185741383691756e-05	-9.994971516502289e-06	6.265970876254830e-05
3.560000000000000e-12	6.685397256447574e-05	-5.106567626143823e-05	8.412583990480982e-05
3.580000000000000e-12	3.726812389793982e-05	-1.037052158681573e-04	1.101983886321996e-04
3.600000000000000e-12	-2.376594310421314e-05	-1.114804425375133e-04	1.139855654019074e-04
3.620000000000000e-12	-5.685839965456856e-05	-8.490262268654860e-05	1.021828407822619e-04
3.640000000000000e-12	-3.973569191453411e-05	-3.652195998503169e-05	5.397016558317222e-05
3.660000000000000e-12	-1.426681827484636e-05	1.021368841816376e-05	1.754598343755124e-05
3.680000000000000e-12	-5.686355516598072e-06	3.894934196807827e-05	3.936223925042182e-05
3.700000000000000e-12	8.884535073433862e-06	3.491416925784022e-05	3.602685357391332e-05
3.720000000000000e-12	2.642012246041525e-05	1.716212749372288e-05	3.150494391256930e-05
3.740000000000000e-12	3.663747891539255e-05	1.892593636106947e-05	4.123706983308932e-05
3.760000000000000e-12	1.188784265617322e-05	1.948503914503511e-05	2.282515177389807e-05
3.780000000000000e-12	-2.193084117012947e-05	2.037850214199799e-06	2.202531788476525e-05
3.800000000000000e-12	-1.261827099373728e-05	-1.003396041964738e-05	1.612144920825798e-05
3.820000000000000e-12	1.138559780549318e-05	-3.359686852234041e-06	1.187094491325460e-05
3.840000000000000e-12	1.788373642303211e-05	-4.301965157392447e-06	1.839388302300262e-05
3.860000000000000e-12	1.547765525890443e-05	-2.519930464343380e-05	2.957300740246207e-05
3.880000000000000e-12	6.896472750220604e-06	-3.463094671388745e-05	3.531095873372242e-05
3.900000000000000e-12	-7.329348985739824e-06	-2.084735407290846e-05	2.209822455302639e-05
3.920000000000000e-12	-1.788130487940046e-05	-6.287146485015859e-06	1.895439988799745e-05
3.940000000000000e-12	-1.707222954638982e-05	3.149410138832151e-06	1.736029394645161e-05
3.960000000000000e-12	-1.049278814356764e-05	8.018629410758423e-06	1.320594641261555e-05
3.980000000000000e-12	-1.594789091330899e-06	9.439360933870820e-06	9.573133608475056e-06
4.000000000000000e-12	4.179617210544399e-06	9.887426185968134e-06	1.073454221705086e-05
4.020000000000000e-12	4.340309911697670e-06	9.732693760219660e-06	1.065662319685742e-05
4.040000000000000e-12	5.167873392077881e-06	5.161428125595111e-06	7.303920569956302e-06
4.060000000000000e-12	8.625784666603629e-06	2.494334670418337e-07	8.629390370651614e-06
4.080000000000000e-12	1.057131584572928e-05	-1.950696938461673e-06	1.074978777724894e-05
4.100000000000000e-12	8.803570205712152e-06	-1.622171535701010e-06	8.951775737703736e-06
4.120000000000000e-12	5.282353907475192e-06	-7.010833363697688e-07	5.328675318346371e-06
4.140000000000000e-12	1.563460133903372e-06	-1.435213464244222e-06	2.122320729355733e-06
4.160000000000000e-12	3.291031961071732e-07	-2.998445043554527e-06	3.016451821744326e-06
4.180000000000000e-12	2.033083448458341e-06	-3.396836052089691e-06	3.958778027772148e-06
4.200000000000000e-12	3.829439603615009e-06	-2.972352966696564e-06	4.847627237769520e-06
4.220000000000000e-12	3.035617792001458e-06	-1.089050882437584e-06	3.225059255836067e-06
4.240000000000000e-12	-1.355984579075266e-07	1.093533321105756e-06	1.101908374664374e-06
4.260000000000000e-12	-1.258896069092466e-06	8.697995499850243e-07	1.530153773295551e-06
4.280000000000000e-12	-4.095579585427589e-07	-4.746831012711316e-07	6.269463837028583e-07
4.300000000000000e-12	-1.453235932997710e-08	3.167104658666981e-07	3.170437014942838e-07
4.320000000000000e-12	-9.866379207255330e-07	1.892923082803191e-06	2.134622257923575e-06
4.340000000000000e-12	-2.232477066946003e-06	1.183091760147632e-06	2.526590581667131e-06
4.360000000000000e-12	-2.388776599851824e-06	-7.767053351026414e-08	2.390038986245917e-06
4.380000000000000e-12	-1.174744468014760e-06	-5.137661303020687e-07	1.282177913464760e-06
4.400000000000000e-12	-4.235674933980805e-07	-5.627536240259668e-07	7.043444205911566e-07
4.420000000000000e-12	-1.903946053623515e-07	-1.925816021907814e-07	2.708094888541647e-07
4.440000000000000e-12	-1.849194502203846e-07	-3.718483865395182e-07	4.152907724015214e-07
4.460000000000000e-12	-2.703531778135609e-07	-5.130155719218824e-07	5.798929364876132e-07
4.480000000000000e-12	-1.130903873564248e-07	-1.683936244230174e-07	2.028443946939290e-07
4.500000000000000e-12	5.131004346805501e-07	-4.319761944693741e-07	6.707275815542492e-07
4.520000000000000e-12	5.709440564665476e-07	-5.661448400640507e-07	8.040504309716063e-07
4.540000000000000e-12	3.178434972153221e-08	-7.104977757730772e-08	7.783518343914636e-08
4.560000000000000e-12	-2.056602875964425e-07	2.381240271648367e-07	3.146413930293523e-07
4.580000000000000e-12	-3.182425567800858e-07	-4.327657004843057e-07	5.371819770446491e-07
4.600000000000000e-12	-3.804456926328329e-07	-1.040087736041712e-06	1.107484276957127e-06
4.620000000000000e-12	-3.829946079068660e-07	-6.162218711517011e-07	7.255441159374375e-07
4.640000000000000e-12	2.246549764113223e-08	1.603103483509461e-07	1.618768246929294e-07
4.660000000000000e-12	3.831480782456485e-07	4.356844814613674e-07	5.801925691092520e-07
4.680000000000000e-12	5.388601961028032e-08	1.988630421593689e-07	2.060344938264427e-07
4.700000000000000e-12	-3.853084333327823e-07	-1.639473646077821e-07	4.187377785192067e-07
4.720000000000000e-12	-3.910344815590748e-07	-4.405753557291736e-07	5.890794597030711e-07
4.740000000000000e-12	-8.342360677066669e-08	-5.109768577730076e-07	5.177420664251682e-07
4.760000000000000e-12	1.715995745000547e-07	-3.280747442014251e-07	3.702424229493838e-07
4.780000000000000e-12	2.098328575898716e-07	-9.197667183753011e-08	2.291059499154050e-07
4.800000000000000e-12	1.434732592812561e-07	3.471908162594949e-08	1.476143311394116e-07
4.820000000000000e-12	1.778330263763599e-07	8.131693895721027e-08	1.955429104609671e-07
4.840000000000000e-12	1.502547917316610e-07	8.393984706003236e-08	1.721115927611689e-07
4.860000000000000e-12	3.577649778863784e-08	1.032306833927541e-07	1.092544360095070e-07
4.880000000000000e-12	-5.152572541607077e-08	1.102650462377150e-07	1.217098221240083e-07
4.900000000000000e-12	-7.618668947797868e-08	8.019177781794674e-08	1.106125349280853e-07
4.920000000000000e-12	-8.206458769472660e-08	2.785132654908423e-08	8.666194634353187e-08
4.940000000000000e-12	-7.351702195849230e-08	-3.853028958831963e-09	7.361792139012781e-08
4.960000000000000e-12	-2.244516551952348e-08	-1.184307858733561e-08	2.537802131027187e-08
4.980000000000000e-12	1.183008558762539e-09	-6.589450348602930e-09	6.694801352303793e-09
5.000000000000000e-12	-6.106698601755402e-09	1.594081929726176e-09	6.311328307999903e-09
5.020000000000000e-12	-8.525813711560524e-09	1.901129556169671e-08	2.083551915308141e-08
5.040000000000000e-12	-1.321649327813162e-08	4.154903758732763e-08	4.360043828912804e-08
5.060000000000000e-12	-2.027343070919513e-08	4.211890675584643e-08	4.674413652029763e-08
5.080000000000000e-12	1.071075726624734e-08	2.517972070289447e-08	2.736308929730418e-08
5.100000000000000e-12	3.692204656490640e-08	1.496062642354523e-08	3.983789484305109e-08
5.120000000000000e-12	2.305125832382266e-08	1.242303520765052e-08	2.618572729717714e-08
5.140000000000000e-12	1.474491645174620e-08	1.462528629386677e-08	2.076804180337046e-08
5.160000000000000e-12	2.563100434242707e-08	1.608355325759256e-08	3.025936332759385e-08
5.180000000000000e-12	3.208821447445439e-08	1.471677071811173e-08	3.530207994620225e-08
5.200000000000000e-12	2.312743736897829e-08	8.730531357569895e-09	2.472044775163923e-08
5.220000000000000e-12	1.245315713522638e-08	2.558759660106759e-09	1.271331481686933e-08
5.240000000000000e-12	1.092879678704963e-08	-7.015111809637205e-10	1.095128837852622e-08
5.260000000000000e-12	5.225227708543499e-09	-2.124449161617460e-09	5.640592951669875e-09
5.280000000000000e-12	2.832567080840189e-09	-4.856938182724605e-09	5.622569232856782e-09
5.300000000000000e-12	4.435908734115413e-09	-9.950160076025243e-09	1.089417146165453e-08
5.320000000000000e-12	7.412921136487890e-09	-1.766465686837367e-08	1.915702226477722e-08
5.340000000000000e-12	7.667206169068102e-09	-1.186689822713608e-08	1.412831638845200e-08
5.360000000000000e-12	-5.257456739983958e-09	7.689768096395031e-10	5.313395967417269e-09
5.380000000000000e-12	-1.393959984954097e-08	4.438770674569080e-09	1.462925593004432e-08
5.400000000000000e-12	-1.639448396383208e-09	4.388172872722983e-09	4.684426560989653e-09
5.420000000000000e-12	8.283318778406526e-09	8.433151963620670e-09	1.182080462685266e-08
5.440000000000000e-12	5.693396054027124e-09	2.171425781930917e-09	6.093426667684277e-09
5.460000000000000e-12	1.855226843528699e-09	-7.959784760532151e-09	8.173129148309682e-09
5.480000000000000e-12	1.419058650977875e-09	-6.143962368626196e-09	6.305711779173702e-09
5.500000000000000e-12	-7.769787270504000e-10	1.850210656222172e-09	2.006732521958754e-09
5.520000000000000e-12	-1.129435493052488e-09	5.446259765871614e-09	5.562137176510361e-09
5.540000000000000e-12	1.799975109951982e-09	2.658562271929151e-09	3.210586200395768e-09
5.560000000000000e-12	3.549552358935856e-09	-4.611214152791145e-10	3.579379123319590e-09
5.580000000000000e-12	2.491415553558034e-09	-4.334131852279053e-10	2.528833416743832e-09
5.600000000000000e-12	1.020185510009142e-09	8.228797816513813e-10	1.310690508809474e-09
5.620000000000000e-12	5.678605150757026e-10	1.349922611844923e-09	1.464498761540023e-09
5.640000000000000e-12	6.884942105190413e-10	3.822812905007133e-10	7.875044526763824e-10
5.660000000000000e-12	9.634459548069845e-10	-2.884391784700499e-10	1.005696409216230e-09
5.680000000000000e-12	1.385572043628485e-09	-7.403197362398040e-11	1.387548421210401e-09
5.700000000000000e-12	8.674278250505704e-10	-8.274606607111821e-10	1.198800307264120e-09
5.720000000000000e-12	-2.035577833279066e-10	-1.683336564579470e-09	1.695599528427507e-09
5.740000000000000e-12	-3.275107434904792e-10	-1.057216707864639e-09	1.106783833677485e-09
5.760000000000000e-12	-1.124692967481547e-10	-5.121279034230250e-10	5.243322726816343e-10
5.780000000000000e-12	-3.340354230553018e-10	-2.786487426054637e-10	4.349997535761836e-10
5.800000000000000e-12	-4.029455849278119e-10	3.986154537066471e-10	5.667975161789019e-10
5.820000000000000e-12	-8.069074462303846e-11	3.629334722903886e-10	3.717952414657545e-10
5.840000000000000e-12	-9.744614765440593e-11	-2.336374093444720e-10	2.531446044020702e-10
5.860000000000000e-12	-1.911512303604854e-10	-1.874642660075790e-10	2.677342785264668e-10
5.880000000000000e-12	1.746010314014854e-13	6.878467049880988e-11	6.878489209957382e-11
5.900000000000000e-12	-3.071898318251434e-12	2.539408920676913e-10	2.539594716158713e-10
5.920000000000000e-12	-2.118696639026327e-10	2.881525922883717e-10	3.576599934640763e-10
5.940000000000000e-12	-4.830346682726054e-10	2.481654797287979e-10	5.430548739144603e-10
5.960000000000000e-12	-3.419742981317816e-10	2.247063676254206e-10	4.091935632853177e-10
5.980000000000000e-12	-1.135948944312563e-10	2.956417692638756e-11	1.173790466743660e-10
6.000000000000000e-12	-1.098447155855977e-10	-3.160647686129301e-11	1.143014913361339e-10
6.020000000000000e-12	-4.016299462051011e-11	1.488239858467376e-10	1.541481264894163e-10
6.040000000000000e-12	7.849583182663633e-11	7.994787343537161e-11	1.120413230955158e-10
6.060000000000000e-12	2.324165511260772e-11	-1.353107274594557e-10	1.372922703504480e-10
6.080000000000000e-12	-4.609495853090177e-11	1.320317690144615e-10	1.398468205968719e-10
6.100000000000000e-12	6.737222875542230e-11	3.785916355584157e-10	3.845395216648989e-10
6.120000000000000e-12	-2.573712560894720e-11	1.667197851768784e-10	1.686946543433882e-10
6.140000000000000e-12	-2.806071323821768e-10	-2.164319664692874e-11	2.814405633608029e-10
6.160000000000000e-12	-2.178362168091645e-10	-1.038918649049921e-10	2.413423645926394e-10
6.180000000000000e-12	-2.946566915810493e-11	-1.348863485489768e-10	1.380672035054340e-10
6.200000000000000e-12	5.774696610790499e-11	-4.213650591018008e-11	7.148564348864860e-11
6.220000000000000e-12	-4.043476429606643e-12	3.227139873386781e-11	3.252372792096671e-11
6.240000000000000e-12	-8.644896996906669e-11	2.067194435353839e-11	8.888618392117180e-11
6.260000000000000e-12	-1.934209727555195e-11	-4.795327816073587e-11	5.170719111862316e-11
6.280000000000000e-12	4.436117726811751e-11	-6.926706884295591e-11	8.225473162504477e-11
6.300000000000000e-12	2.366253700948617e-11	3.444942893795935e-11	4.179328668430869e-11
6.320000000000000e-12	-2.453713263901775e-12	7.675567664182186e-11	7.679488658449445e-11
6.340000000000000e-12	-2.580806705183130e-11	-9.468713305217966e-12	2.749023202172423e-11
6.360000000000000e-12	-8.951243284190339e-12	-2.961728152525166e-11	3.094039626893579e-11
6.380000000000000e-12	2.851213000039111e-11	1.764894315851086e-11	3.353247309357826e-11
6.400000000000000e-12	3.594445769140407e-11	2.809146186505711e-11	4.561945054957474e-11
6.420000000000000e-12	-8.748203213219696e-13	1.046315405765827e-11	1.049966206260414e-11
6.440000000000000e-12	-1.269044261353164e-11	3.464712757962654e-12	1.315490662158150e-11
6.460000000000000e-12	-2.012454927706658e-12	1.224894253863190e-11	1.241316108615195e-11
6.480000000000000e-12	-2.168437777652245e-12	7.857569627433276e-12	8.151289643087853e-12
6.500000000000000e-12	2.299026200245339e-12	-1.111287606942489e-11	1.134819527518851e-11
6.520000000000000e-12	5.994767071339865e-12	-1.336696010414187e-11	1.464967080399219e-11
6.540000000000000e-12	9.153149476846489e-12	-3.420615231181405e-12	9.771425377358483e-12
6.560000000000000e-12	8.165440576621187e-12	3.028113130612241e-12	8.708839701252859e-12
6.580000000000000e-12	-5.737999316176967e-12	4.446178280708969e-12	7.259003888709214e-12
6.600000000000000e-12	-1.331619252404565e-11	7.649752346970623e-13	1.333814718943936e-11
6.620000000000000e-12	-1.670052415408937e-12	-3.457167161407204e-12	3.839411393967253e-12
6.640000000000000e-12	6.087560954872390e-12	-3.223346242565747e-13	6.096088745194042e-12
6.660000000000000e-12	8.246411625938895e-13	8.582006881455702e-13	1.190185476376574e-12
6.680000000000000e-12	-1.356539504394294e-12	-3.853048220255417e-12	4.084872092807283e-12
6.700000000000000e-12	1.291507890517695e-13	3.826590518765553e-14	1.347004298899054e-13
6.720000000000000e-12	-5.492521776683147e-12	2.767307416182114e-12	6.150267132653274e-12
6.740000000000000e-12	-7.464316992555488e-12	-1.203541138870711e-12	7.560723473207231e-12
6.760000000000000e-12	-1.475972422936717e-12	-3.759096057193877e-13	1.523089828257608e-12
6.780000000000000e-12	9.450548115732833e-13	1.193039209820410e-12	1.521995779575858e-12
6.800000000000000e-12	-1.261268045981075e-12	-7.790845093357550e-13	1.482487691854423e-12
6.820000000000000e-12	-3.672728372553753e-13	-1.380285443096480e-12	1.428312725354521e-12
6.840000000000000e-12	1.928769799807274e-12	-6.394629373794162e-13	2.032010282683260e-12
6.860000000000000e-12	6.355739739113746e-13	-1.062937226433276e-12	1.238462685611142e-12
6.880000000000000e-12	-8.935523092030569e-13	-1.084397971422063e-12	1.405117322399237e-12
6.900000000000000e-12	2.055508857252457e-13	7.972295032348499e-13	8.233019175554728e-13
6.920000000000000e-12	9.234586706186206e-13	7.135409851297126e-14	9.262112738005886e-13
6.940000000000000e-12	6.636926412246308e-13	-8.621795197693211e-13	1.088044781397063e-12
6.960000000000000e-12	-1.795901107943752e-12	4.345491462025208e-13	1.847726643737903e-12
6.980000000000000e-12	-1.816579107396124e-12	2.067949907002584e-13	1.828311740816325e-12
7.000000000000000e-12	3.809689626415177e-13	2.686629425164086e-13	4.661728511804706e-13
7.020000000000000e-12	1.951045359660871e-13	2.943736419511225e-13	3.531594838456273e-13
7.040000000000000e-12	-2.788567255375593e-13	1.565979816620496e-13	3.198187005760565e-13
7.060000000000000e-12	-3.422539854525617e-13	2.758918318280704e-13	4.396067486147256e-13
7.080000000000000e-12	-8.767287512077825e-14	1.493033052061419e-13	1.731415893926758e-13
7.100000000000000e-12	2.693302049423751e-13	-4.548130479116577e-14	2.731433842870969e-13
7.120000000000000e-12	1.506164409200245e-13	-3.831462962567181e-13	4.116872558273525e-13
7.140000000000000e-12	-2.507452800027746e-13	-2.938248771241859e-13	3.862722535475630e-13
7.160000000000000e-12	-8.145993524517560e-14	1.814234481496577e-13	1.988722921592139e-13
7.180000000000000e-12	4.131499869980752e-13	3.940545459662057e-13	5.709394862445075e-13
7.200000000000000e-12	2.513074944562045e-13	2.293567070842203e-13	3.402351478821260e-13
7.220000000000000e-12	5.211625373637891e-14	8.506202300446300e-14	9.975796540189872e-14
7.240000000000000e-12	9.898022823958601e-14	6.987787511276861e-14	1.211610622792497e-13
7.260000000000000e-12	8.414696367788279e-14	2.323678528597862e-13	2.471346405077082e-13
7.280000000000000e-12	5.678374412990989e-14	1.776743949191312e-13	1.865277035919611e-13
7.300000000000000e-12	-4.345935859057208e-14	-1.232074254805581e-13	1.306475623295406e-13
7.320000000000000e-12	-1.565939668042761e-13	-2.893057644416201e-13	3.289673171891836e-13
7.340000000000001e-12	-1.797858851378973e-13	-9.471512526819400e-14	2.032090535615648e-13
7.359999999999999e-12	-3.416274213832317e-14	9.521234315029418e-14	1.011557375465126e-13
7.380000000000000e-12	1.294621689766891e-14	1.129350144268251e-13	1.136746322428565e-13
7.400000000000000e-12	6.847378182498391e-15	1.086101220484945e-13	1.088257561396337e-13
7.420000000000000e-12	6.424211941773199e-14	1.407693322221690e-16	6.424227364661864e-14
7.440000000000001e-12	3.117259839356400e-15	-3.701237093064959e-14	3.714341005904088e-14
7.459999999999999e-12	-3.853846144422584e-14	5.282083479102630e-15	3.889875854533523e-14
7.480000000000000e-12	-1.085687384485519e-15	-2.705165447224858e-14	2.707343212048960e-14
7.500000000000000e-12	2.659737608515713e-14	-4.372488443306133e-14	5.117895986926520e-14
7.520000000000000e-12	5.321050231036115e-14	1.953157252585122e-14	5.668191847012181e-14
7.540000000000001e-12	4.688060847676302e-14	1.562504227688663e-14	4.941592250789252e-14
7.559999999999999e-12	-4.727635858039903e-15	9.698785927404370e-15	1.078967048949326e-14
7.580000000000000e-12	6.530448721472959e-15	2.642759711676767e-14	2.722250263789086e-14
7.600000000000000e-12	1.919056537138189e-14	-2.843419480839242e-14	3.430424512614863e-14
7.620000000000000e-12	-2.301808827967390e-14	-2.928474509140272e-14	3.724820375695043e-14
7.640000000000001e-12	-1.703941202667330e-14	8.926362553220354e-15	1.923594319616985e-14
7.659999999999999e-12	1.840425302916115e-14	7.194480467248101e-16	1.841830977732005e-14
7.680000000000000e-12	-8.569723312536017e-16	-1.011655554682009e-15	1.325838805380652e-15
7.700000000000000e-12	-2.459821072311781e-14	1.248458946839760e-15	2.462987252343893e-14
7.720000000000000e-12	4.158376231350697e-15	-1.712143267341744e-14	1.761918129970370e-14
7.740000000000001e-12	3.348825426005066e-14	-2.064573861578394e-14	3.934094173220912e-14
7.759999999999999e-12	3.343476744494047e-14	1.420027845122402e-14	3.632535728922082e-14
7.780000000000000e-12	-4.040721207418216e-16	2.642523933075187e-14	2.642832851253133e-14
7.800000000000000e-12	-1.089343670051251e-14	6.426131139455124e-15	1.264761339421583e-14
7.820000000000000e-12	9.367983698483337e-15	-6.835298352525888e-15	1.159656941267945e-14
7.840000000000001e-12	2.554936269684340e-14	2.260798298600493e-14	3.411584425029434e-14
7.859999999999999e-12	3.666145598868719e-14	3.621324525231908e-14	5.153117005187305e-14
7.880000000000000e-12	3.705842459778879e-14	2.840113234134402e-15	3.716709669657697e-14
7.900000000000000e-12	1.414666698623080e-14	-1.074963584681010e-14	1.776746627007737e-14
7.920000000000000e-12	-1.500925969866877e-14	3.153641781226538e-14	3.492597207139484e-14
7.940000000000000e-12	-5.147944556308138e-15	8.410805241282560e-14	8.426544851736944e-14
7.959999999999999e-12	2.046962798172833e-14	1.130901662152430e-13	1.149277658544777e-13
7.980000000000000e-12	3.762189624023182e-14	8.578441520283622e-14	9.367162306912038e-14
