m_wavelength	m_R	m_GDD
800.0	100.0	0.0
801.0	100.0	0.0
802.0	100.0	0.0
803.0	100.0	0.0
804.0	100.0	0.0
805.0	100.0	0.0
806.0	100.0	0.0
807.0	100.0	0.0
808.0	100.0	0.0
809.0	100.0	0.0
810.0	100.0	0.0
811.0	100.0	0.0
812.0	100.0	0.0
813.0	100.0	0.0
814.0	100.0	0.0
815.0	100.0	0.0
816.0	100.0	0.0
817.0	100.0	0.0
818.0	100.0	0.0
819.0	100.0	0.0
820.0	100.0	0.0
821.0	100.0	0.0
822.0	100.0	0.0
823.0	100.0	0.0
824.0	100.0	0.0
825.0	100.0	0.0
826.0	100.0	0.0
827.0	100.0	0.0
828.0	100.0	0.0
829.0	100.0	0.0
830.0	100.0	0.0
831.0	100.0	0.0
832.0	100.0	0.0
833.0	100.0	0.0
834.0	100.0	0.0
835.0	100.0	0.0
836.0	100.0	0.0
837.0	100.0	0.0
838.0	100.0	0.0
839.0	100.0	0.0
840.0	100.0	0.0
841.0	100.0	0.0
842.0	100.0	0.0
843.0	100.0	0.0
844.0	100.0	0.0
845.0	100.0	0.0
846.0	100.0	0.0
847.0	100.0	0.0
848.0	100.0	0.0
849.0	100.0	0.0
850.0	100.0	0.0
851.0	100.0	0.0
852.0	100.0	0.0
853.0	100.0	0.0
854.0	100.0	0.0
855.0	100.0	0.0
856.0	100.0	0.0
857.0	100.0	0.0
858.0	100.0	0.0
859.0	100.0	0.0
860.0	100.0	0.0
861.0	100.0	0.0
862.0	100.0	0.0
863.0	100.0	0.0
864.0	100.0	0.0
865.0	100.0	0.0
866.0	100.0	0.0
867.0	100.0	0.0
868.0	100.0	0.0
869.0	100.0	0.0
870.0	100.0	0.0
871.0	100.0	0.0
872.0	100.0	0.0
873.0	100.0	0.0
874.0	100.0	0.0
875.0	100.0	0.0
876.0	100.0	0.0
877.0	100.0	0.0
878.0	100.0	0.0
879.0	100.0	0.0
880.0	100.0	0.0
881.0	100.0	0.0
882.0	100.0	0.0
883.0	100.0	0.0
884.0	100.0	0.0
885.0	100.0	0.0
886.0	100.0	0.0
887.0	100.0	0.0
888.0	100.0	0.0
889.0	100.0	0.0
890.0	100.0	0.0
891.0	100.0	0.0
892.0	100.0	0.0
893.0	100.0	0.0
894.0	100.0	0.0
895.0	100.0	0.0
896.0	100.0	0.0
897.0	100.0	0.0
898.0	100.0	0.0
899.0	100.0	0.0
900.0	100.0	0.0
901.0	100.0	0.0
902.0	100.0	0.0
903.0	100.0	0.0
904.0	100.0	0.0
905.0	100.0	0.0
906.0	100.0	0.0
907.0	100.0	0.0
908.0	100.0	0.0
909.0	100.0	0.0
910.0	100.0	0.0
911.0	100.0	0.0
912.0	100.0	0.0
913.0	100.0	0.0
914.0	100.0	0.0
915.0	100.0	0.0
916.0	100.0	0.0
917.0	100.0	0.0
918.0	100.0	0.0
919.0	100.0	0.0
920.0	100.0	0.0
921.0	100.0	0.0
922.0	100.0	0.0
923.0	100.0	0.0
924.0	100.0	0.0
925.0	100.0	0.0
926.0	100.0	0.0
927.0	100.0	0.0
928.0	100.0	0.0
929.0	100.0	0.0
930.0	100.0	0.0
931.0	100.0	0.0
932.0	100.0	0.0
933.0	100.0	0.0
934.0	100.0	0.0
935.0	100.0	0.0
936.0	100.0	0.0
937.0	100.0	0.0
938.0	100.0	0.0
939.0	100.0	0.0
940.0	100.0	0.0
941.0	100.0	0.0
942.0	100.0	0.0
943.0	100.0	0.0
944.0	100.0	0.0
945.0	100.0	0.0
946.0	100.0	0.0
947.0	100.0	0.0
948.0	100.0	0.0
949.0	100.0	0.0
950.0	100.0	0.0
951.0	100.0	0.0
952.0	100.0	0.0
953.0	100.0	0.0
954.0	100.0	0.0
955.0	100.0	0.0
956.0	100.0	0.0
957.0	100.0	0.0
958.0	100.0	0.0
959.0	100.0	0.0
960.0	100.0	0.0
961.0	100.0	0.0
962.0	100.0	0.0
963.0	100.0	0.0
964.0	100.0	0.0
965.0	100.0	0.0
966.0	100.0	0.0
967.0	100.0	0.0
968.0	100.0	0.0
969.0	100.0	0.0
970.0	100.0	0.0
971.0	100.0	0.0
972.0	100.0	0.0
973.0	100.0	0.0
974.0	100.0	0.0
975.0	100.0	0.0
976.0	100.0	0.0
977.0	100.0	0.0
978.0	100.0	0.0
979.0	100.0	0.0
980.0	100.0	0.0
981.0	100.0	0.0
982.0	100.0	0.0
983.0	100.0	0.0
984.0	100.0	0.0
985.0	100.0	0.0
986.0	100.0	0.0
987.0	100.0	0.0
988.0	100.0	0.0
989.0	100.0	0.0
990.0	100.0	0.0
991.0	100.0	0.0
992.0	100.0	0.0
993.0	100.0	0.0
994.0	100.0	0.0
995.0	100.0	0.0
996.0	100.0	0.0
997.0	100.0	0.0
998.0	100.0	0.0
999.0	100.0	0.0
1000.0	100.0	0.0
1001.0	100.0	0.0
1002.0	100.0	0.0
1003.0	100.0	0.0
1004.0	100.0	0.0
1005.0	100.0	0.0
1006.0	100.0	0.0
1007.0	100.0	0.0
1008.0	100.0	0.0
1009.0	100.0	0.0
1010.0	100.0	0.0
1011.0	100.0	0.0
1012.0	100.0	0.0
1013.0	100.0	0.0
1014.0	100.0	0.0
1015.0	100.0	0.0
1016.0	100.0	0.0
1017.0	100.0	0.0
1018.0	100.0	0.0
1019.0	100.0	0.0
1020.0	100.0	0.0
1021.0	100.0	0.0
1022.0	100.0	0.0
1023.0	100.0	0.0
1024.0	100.0	0.0
1025.0	100.0	0.0
1026.0	100.0	0.0
1027.0	100.0	0.0
1028.0	100.0	0.0
1029.0	100.0	0.0
1030.0	100.0	0.0
1031.0	100.0	0.0
1032.0	100.0	0.0
1033.0	100.0	0.0
1034.0	100.0	0.0
1035.0	100.0	0.0
1036.0	100.0	0.0
1037.0	100.0	0.0
1038.0	100.0	0.0
1039.0	100.0	0.0
1040.0	100.0	0.0
1041.0	100.0	0.0
1042.0	100.0	0.0
1043.0	100.0	0.0
1044.0	100.0	0.0
1045.0	100.0	0.0
1046.0	100.0	0.0
1047.0	100.0	0.0
1048.0	100.0	0.0
1049.0	100.0	0.0
1050.0	100.0	0.0
1051.0	100.0	0.0
1052.0	100.0	0.0
1053.0	100.0	0.0
1054.0	100.0	0.0
1055.0	100.0	0.0
1056.0	100.0	0.0
1057.0	100.0	0.0
1058.0	100.0	0.0
1059.0	100.0	0.0
1060.0	100.0	0.0
1061.0	100.0	0.0
1062.0	100.0	0.0
1063.0	100.0	0.0
1064.0	100.0	0.0
1065.0	100.0	0.0
1066.0	100.0	0.0
1067.0	100.0	0.0
1068.0	100.0	0.0
1069.0	100.0	0.0
1070.0	100.0	0.0
1071.0	100.0	0.0
1072.0	100.0	0.0
1073.0	100.0	0.0
1074.0	100.0	0.0
1075.0	100.0	0.0
1076.0	100.0	0.0
1077.0	100.0	0.0
1078.0	100.0	0.0
1079.0	100.0	0.0
1080.0	100.0	0.0
1081.0	100.0	0.0
1082.0	100.0	0.0
1083.0	100.0	0.0
1084.0	100.0	0.0
1085.0	100.0	0.0
1086.0	100.0	0.0
1087.0	100.0	0.0
1088.0	100.0	0.0
1089.0	100.0	0.0
1090.0	100.0	0.0
1091.0	100.0	0.0
1092.0	100.0	0.0
1093.0	100.0	0.0
1094.0	100.0	0.0
1095.0	100.0	0.0
1096.0	100.0	0.0
1097.0	100.0	0.0
1098.0	100.0	0.0
1099.0	100.0	0.0
1100.0	100.0	0.0
1101.0	100.0	0.0
1102.0	100.0	0.0
1103.0	100.0	0.0
1104.0	100.0	0.0
1105.0	100.0	0.0
1106.0	100.0	0.0
1107.0	100.0	0.0
1108.0	100.0	0.0
1109.0	100.0	0.0
1110.0	100.0	0.0
1111.0	100.0	0.0
1112.0	100.0	0.0
1113.0	100.0	0.0
1114.0	100.0	0.0
1115.0	100.0	0.0
1116.0	100.0	0.0
1117.0	100.0	0.0
1118.0	100.0	0.0
1119.0	100.0	0.0
1120.0	100.0	0.0
1121.0	100.0	0.0
1122.0	100.0	0.0
1123.0	100.0	0.0
1124.0	100.0	0.0
1125.0	100.0	0.0
1126.0	100.0	0.0
1127.0	100.0	0.0
1128.0	100.0	0.0
1129.0	100.0	0.0
1130.0	100.0	0.0
1131.0	100.0	0.0
1132.0	100.0	0.0
1133.0	100.0	0.0
1134.0	100.0	0.0
1135.0	100.0	0.0
1136.0	100.0	0.0
1137.0	100.0	0.0
1138.0	100.0	0.0
1139.0	100.0	0.0
1140.0	100.0	0.0
1141.0	100.0	0.0
1142.0	100.0	0.0
1143.0	100.0	0.0
1144.0	100.0	0.0
1145.0	100.0	0.0
1146.0	100.0	0.0
1147.0	100.0	0.0
1148.0	100.0	0.0
1149.0	100.0	0.0
1150.0	100.0	0.0
1151.0	100.0	0.0
1152.0	100.0	0.0
1153.0	100.0	0.0
1154.0	100.0	0.0
1155.0	100.0	0.0
1156.0	100.0	0.0
1157.0	100.0	0.0
1158.0	100.0	0.0
1159.0	100.0	0.0
1160.0	100.0	0.0
1161.0	100.0	0.0
1162.0	100.0	0.0
1163.0	100.0	0.0
1164.0	100.0	0.0
1165.0	100.0	0.0
1166.0	100.0	0.0
1167.0	100.0	0.0
1168.0	100.0	0.0
1169.0	100.0	0.0
1170.0	100.0	0.0
1171.0	100.0	0.0
1172.0	100.0	0.0
1173.0	100.0	0.0
1174.0	100.0	0.0
1175.0	100.0	0.0
1176.0	100.0	0.0
1177.0	100.0	0.0
1178.0	100.0	0.0
1179.0	100.0	0.0
1180.0	100.0	0.0
1181.0	100.0	0.0
1182.0	100.0	0.0
1183.0	100.0	0.0
1184.0	100.0	0.0
1185.0	100.0	0.0
1186.0	100.0	0.0
1187.0	100.0	0.0
1188.0	100.0	0.0
1189.0	100.0	0.0
1190.0	100.0	0.0
1191.0	100.0	0.0
1192.0	100.0	0.0
1193.0	100.0	0.0
1194.0	100.0	0.0
1195.0	100.0	0.0
1196.0	100.0	0.0
1197.0	100.0	0.0
1198.0	100.0	0.0
1199.0	100.0	0.0
1200.0	100.0	0.0
1201.0	100.0	0.0
1202.0	100.0	0.0
1203.0	100.0	0.0
1204.0	100.0	0.0
1205.0	100.0	0.0
1206.0	100.0	0.0
1207.0	100.0	0.0
1208.0	100.0	0.0
1209.0	100.0	0.0
1210.0	100.0	0.0
1211.0	100.0	0.0
1212.0	100.0	0.0
1213.0	100.0	0.0
1214.0	100.0	0.0
1215.0	100.0	0.0
1216.0	100.0	0.0
1217.0	100.0	0.0
1218.0	100.0	0.0
1219.0	100.0	0.0
1220.0	100.0	0.0
1221.0	100.0	0.0
1222.0	100.0	0.0
1223.0	100.0	0.0
1224.0	100.0	0.0
1225.0	100.0	0.0
1226.0	100.0	0.0
1227.0	100.0	0.0
1228.0	100.0	0.0
1229.0	100.0	0.0
1230.0	100.0	0.0
1231.0	100.0	0.0
1232.0	100.0	0.0
1233.0	100.0	0.0
1234.0	100.0	0.0
1235.0	100.0	0.0
1236.0	100.0	0.0
1237.0	100.0	0.0
1238.0	100.0	0.0
1239.0	100.0	0.0
1240.0	100.0	0.0
1241.0	100.0	0.0
1242.0	100.0	0.0
1243.0	100.0	0.0
1244.0	100.0	0.0
1245.0	100.0	0.0
1246.0	100.0	0.0
1247.0	100.0	0.0
1248.0	100.0	0.0
1249.0	100.0	0.0
1250.0	100.0	0.0
1251.0	100.0	0.0
1252.0	100.0	0.0
1253.0	100.0	0.0
1254.0	100.0	0.0
1255.0	100.0	0.0
1256.0	100.0	0.0
1257.0	100.0	0.0
1258.0	100.0	0.0
1259.0	100.0	0.0
1260.0	100.0	0.0
1261.0	100.0	0.0
1262.0	100.0	0.0
1263.0	100.0	0.0
1264.0	100.0	0.0
1265.0	100.0	0.0
1266.0	100.0	0.0
1267.0	100.0	0.0
1268.0	100.0	0.0
1269.0	100.0	0.0
1270.0	100.0	0.0
1271.0	100.0	0.0
1272.0	100.0	0.0
1273.0	100.0	0.0
1274.0	100.0	0.0
1275.0	100.0	0.0
1276.0	100.0	0.0
1277.0	100.0	0.0
1278.0	100.0	0.0
1279.0	100.0	0.0
1280.0	100.0	0.0
1281.0	100.0	0.0
1282.0	100.0	0.0
1283.0	100.0	0.0
1284.0	100.0	0.0
1285.0	100.0	0.0
1286.0	100.0	0.0
1287.0	100.0	0.0
1288.0	100.0	0.0
1289.0	100.0	0.0
1290.0	100.0	0.0
1291.0	100.0	0.0
1292.0	100.0	0.0
1293.0	100.0	0.0
1294.0	100.0	0.0
1295.0	100.0	0.0
1296.0	100.0	0.0
1297.0	100.0	0.0
1298.0	100.0	0.0
1299.0	100.0	0.0
1300.0	100.0	0.0
