800.0675117647783	0.7941250025788015
800.1938424669584	0.7985289246627854
800.3202130706877	0.8029827808441173
800.4466235948742	0.8074636489335718
800.5730740584364	0.8119759661140488
800.6995644803062	0.8164828154674535
800.8260948794266	0.8209950299734884
800.9526652747526	0.8254632009216312
801.0792756852518	0.8297473511750263
801.2059261299029	0.8340306276865314
801.3326166276973	0.8384242318329993
801.4593471976383	0.8426402971416617
801.586117858741	0.8466542884048116
801.7129286300324	0.8506963448114638
801.839779530552	0.854801883995896
801.9666705793514	0.8588935255865089
802.0936017954936	0.8629236699528352
802.2205731980542	0.8669636588603035
802.3475848061207	0.8710462521461413
802.474636638793	0.8751287674295111
802.6017287151824	0.8793495879513638
802.728861054413	0.8837200953069294
802.8560336756209	0.8881112325623524
802.983246597954	0.892686755428061
803.1104998405727	0.8975083078585647
803.237793422649	0.9025047882073368
803.365127363368	0.907809848898471
803.4925016819258	0.91326523350926
803.6199163975317	0.9187260601706241
803.7473715294068	0.9245372806799074
803.8748670967839	0.9306891126681786
804.0024031189092	0.9369290095337149
804.1299796150397	0.9433680805319049
804.2575966044458	0.9499724281488438
804.3852541064091	0.9566869530654744
804.5129521402245	0.9636007707140539
804.6406907251986	0.9705572688339816
804.7684698806498	0.9775632573380775
804.8962896259101	0.9846821629881369
805.0241499803222	0.9917079146288479
805.1520509632425	0.9986937485070521
805.2799925940383	1.0057096827458383
805.4079748920905	1.012701202037
805.535997876792	1.0197683028839346
805.6640615675472	1.0267693162132432
805.792165983774	1.0337224214113827
805.9203111449017	1.0408484120764425
806.0484970703727	1.0479045043066109
806.1767237796414	1.0549767843759006
806.3049912921743	1.0623572879253138
806.4332996274513	1.069804181300052
806.5616488049634	1.0774376254725297
806.690038844215	1.085443029751175
806.8184697647222	1.0935509009938083
806.9469415860142	1.101882820321184
807.0754543276324	1.1105625230280125
807.2040080091302	1.119457957399676
807.3326026500744	1.128649606180032
807.461238270043	1.1380897590887702
807.5899148886277	1.1477428335720776
807.7186325254322	1.157612775566048
807.8473912000724	1.1675363160962535
807.9761909321771	1.1776186948578542
808.1050317413875	1.187865472482115
808.2339136473574	1.1980352700927115
808.3628366697532	1.2081298183448572
808.4918008282533	1.2181261363829425
808.6208061425496	1.2280566772158057
808.7498526323457	1.2379273955601067
808.8789403173585	1.2474626546166174
809.0080692173166	1.2568154917687906
809.1372393519622	1.2662029084483
809.2664507410494	1.2753399281014677
809.3957034043452	1.2842808014882858
809.5249973616295	1.2932431676773752
809.654332632694	1.3020958700442833
809.783709237344	1.3109087710157012
809.9131271953968	1.3198548270585282
810.0425865266828	1.3288925712617707
810.1720872510448	1.338092156048135
810.3016293883383	1.3475266092093925
810.4312129584318	1.3570714114037723
810.5608379812061	1.3668387839897393
810.6905044765551	1.377001682686884
810.820212464385	1.3872962646355278
810.9499619646155	1.3977047884507032
811.0797529971778	1.4084993426679189
811.2095855820171	1.419433709623518
811.3394597390909	1.4303380255687046
811.4693754883693	1.4413435160092847
811.5993328498355	1.4523389734510426
811.7293318434852	1.4633680150005548
811.8593724893271	1.474416930954206
811.9894548073828	1.4851512674572944
812.1195788176865	1.4955571666423637
812.2497445402856	1.5058203818495783
812.3799519952399	1.5160108637369238
812.5102012026225	1.5260157441009268
812.640492182519	1.535686722329614
812.7708249550282	1.545207233023453
812.9011995402614	1.5545310377151254
813.0316159583432	1.563552917393754
813.1620742294112	1.5727316325893606
813.2925743736153	1.5820528470374078
813.423116411119	1.5911844866181284
813.5537003620985	1.6004282016043367
813.684326246743	1.609973761507744
813.8149940852543	1.6197544653964147
813.9457038978478	1.6297750661379116
814.0764557047514	1.6400068303301303
814.2072495262062	1.6505724641913175
814.3380853824666	1.6614032816836395
814.4689632937992	1.6723966970869077
814.5998832804846	1.6837978676242737
814.7308453628157	1.6954829902037574
814.8618495610987	1.7071958525321993
814.9928958956533	1.7190889522195527
815.1239843868113	1.7312007009921644
815.2551150549189	1.74340607591102
815.3862879203338	1.7555073961704675
815.517503003428	1.7673709828936501
815.6487603245868	1.7792067220817125
815.7800599042073	1.7910601378925826
815.9114017627012	1.802773908109899
816.0427859204921	1.8143726280552406
816.1742123980175	1.825819201994821
816.3056812157282	1.837168931951425
816.4371923940878	1.8485807190829533
816.5687459535729	1.8599265333031916
816.7003419146737	1.871208434655163
816.8319802978938	1.8826238523002634
816.963661123749	1.8941106636118048
817.0953844127697	1.9057858370728507
817.2271501854989	1.9179299609664087
817.3589584624922	1.9303203150983759
817.4908092643198	1.9427950406486867
817.6227026115638	1.955631840108041
817.754638524821	1.9688932605097766
817.8866170247001	1.9825224256762692
818.0186381318241	1.9964592429545671
818.150701866829	2.010554994554106
818.2828082503639	2.024949095280881
818.4149573030918	2.0396383134433447
818.5471490456882	2.054465108948801
818.6793834988431	2.069618307649003
818.8116606832584	2.0848978857831795
818.9439806196508	2.100043833638663
819.0763433287499	2.1153139742438642
819.2087488312982	2.1305978033376776
819.3411971480523	2.145814249463625
819.4736882997817	2.1610960394215546
819.6062223072698	2.176269313916548
819.7387991913131	2.1915110224987044
819.8714189727218	2.206801393934822
820.0040816723194	2.221891230685696
820.136787310943	2.2371576503050092
820.2695359094431	2.252390356547992
820.4023274886837	2.267361515281161
820.5351620695424	2.2827116279422226
820.66803967291	2.2982483262820237
820.8009603196914	2.3137531183406845
820.9339240308049	2.3296148382303072
821.0669308271817	2.3454358521052234
821.1999807297677	2.3612438629047046
821.3330737595211	2.3775812085908608
821.4662099374148	2.3940593899771683
821.5993892844346	2.4104828613960327
821.7326118215801	2.427210207555551
821.865877569865	2.444188634116608
821.9991865503158	2.4611703518231733
822.1325387839731	2.4782162057285633
822.2659342918913	2.495535500911474
822.3993730951382	2.5129302614315954
822.5328552147951	2.5302376449592683
822.6663806719574	2.547636240003031
822.7999494877345	2.56497315723672
822.9335616832483	2.5822446558475827
823.0672172796359	2.5996074604332295
823.2009162980466	2.616817808211333
823.3346587596451	2.6339641645699996
823.4684446856082	2.651220924297249
823.6022740971279	2.6684216641124054
823.7361470154092	2.6854509400816946
823.8700634616708	2.7021270986340715
824.0040234571459	2.718645507681004
824.1380270230806	2.735279923818378
824.2720741807356	2.7518160416773543
824.4061649513848	2.7683135641008754
824.5402993563165	2.78467557963173
824.6744774168327	2.800744180842296
824.8086991542489	2.816963299097572
824.9429645898948	2.8331426678357996
825.0772737451144	2.8489978625708408
825.2116266412647	2.864897542917856
825.3460232997173	2.880643073162725
825.4804637418573	2.8962665971467234
825.6149479890842	2.912244883286565
825.7494760628108	2.928248734180403
825.8840479844645	2.9440777424280182
826.0186637754864	2.9599897096193284
826.1533234573317	2.9759035137333347
826.2880270514693	2.991816077965677
826.4227745793821	3.0079109930795798
826.5575660625676	3.0240820364115644
826.6924015225368	3.0400160120697053
826.8272809808146	3.055788783639146
826.9622044589408	3.071738726792984
827.097171978468	3.08766805984217
827.2321835609644	3.103347119052471
827.3672392280105	3.1189214552029587
827.5023390012024	3.1341938184579616
827.6374829021495	3.149043662452526
827.7726709524758	3.163793911598789
827.907903173819	3.1783913632771883
828.0431795878311	3.1925525601791644
828.1785002161787	3.2063443853537037
828.3138650805415	3.2199020823569344
828.4492742026147	3.2333198981073665
828.5847276041063	3.246557579700515
828.7202253067397	3.2592703229295257
828.8557673322522	3.271632964417461
828.9913537023946	3.2842675468593048
829.1269844389329	3.296945412838685
829.2626595636468	3.3093239827266556
829.3983790983306	3.321813364422509
829.5341430647921	3.3345446584653566
829.6699514848544	3.3473052042950435
829.8058043803546	3.3600341620299656
829.9417017731434	3.3728680716232255
830.077643685087	3.3860648859756877
830.2136301380646	3.3993473175327087
830.3496611539709	3.412511677319686
830.4857367547144	3.425973718923109
830.6218569622177	3.439525996523253
830.7580217984188	3.4527192683591563
830.8942312852688	3.4657814711236927
831.0304854447342	3.4788847238527496
831.166784298795	3.4918751739918235
831.3031278694469	3.5044727854988853
831.4395161786986	3.5165803022470605
831.5759492485741	3.528387271687915
831.712427101112	3.5399054131371606
831.8489497583645	3.5510800899520665
831.9855172423995	3.561871781963414
832.122129575298	3.572291504926087
832.2587867791567	3.582469944940944
832.3954888760862	3.5922959237371597
832.5322358882116	3.60191452684623
832.6690278376733	3.6116140488210724
832.805864746625	3.6212227509564086
832.9427466372362	3.6308644893306985
833.0796735316899	3.6406068297960834
833.2166454521846	3.6502819438701786
833.3536624209327	3.660259192639051
833.4907244601615	3.6705590058149293
833.6278315921135	3.6810827721210386
833.7649838390446	3.692015084487306
833.9021812232264	3.702883798320989
834.0394237669447	3.7137623074023014
834.1767114925	3.7251897012234085
834.3140444222079	3.7366364676536574
834.4514225783977	3.7478322850725214
834.5888459834147	3.7590464798204217
834.7263146596177	3.7701368082011615
834.8638286293813	3.781024009707612
835.0013879150943	3.7916004845635185
835.13899253916	3.80181570340888
835.2766425239971	3.811720586065021
835.4143378920386	3.821090457451594
835.5520786657327	3.830098890995481
835.6898648675417	3.8389503364284705
835.8276965199435	3.8473022446960954
835.9655736454307	3.8552077104025644
836.1034962665103	3.8630439543723836
836.2414644057046	3.870896175548856
836.3794780855503	3.878584929983756
836.5175373285997	3.8859660692936338
836.6556421574193	3.893377265490331
836.7937925945907	3.9010075982806525
836.9319886627108	3.908696178504541
837.0702303843907	3.9166467234721662
837.2085177822571	3.9248171396735043
837.3468508789514	3.932970719468853
837.48522969713	3.94140878953697
837.6236542594643	3.950219171642838
837.7621245886404	3.959172965155515
837.90064070736	3.968114302327804
838.0392026383392	3.9769139074971456
838.1778104043096	3.985856492650843
838.3164640280175	3.9949499521377945
838.4551635322244	4.003639972323231
838.593908939707	4.012035697800821
838.7327002732569	4.020379674737098
838.8715375556807	4.028353655251686
839.0104208098003	4.035935437328727
839.1493500584528	4.043269845261327
839.28832532449	4.050257212143531
839.4273466307792	4.056772136552027
839.5664140002029	4.062925646976598
839.7055274556587	4.069126740341533
839.8446870200592	4.075175093864394
839.9838927163321	4.080626092971078
840.1231445674208	4.086054600427015
840.2624425962836	4.091626313822606
840.4017868258941	4.096796500391344
840.5411772792409	4.102090194116034
840.6806139793282	4.107788635578288
840.8200969491752	4.113184822855695
840.9596262118166	4.11849189799509
841.0992017903023	4.12415964102822
841.2388237076976	4.129920188941205
841.3784919870828	4.135797896827417
841.5182066515539	4.141709683913026
841.6579677242221	4.147405556084358
841.7977752282138	4.153267454223276
841.9376291866708	4.159349766889453
842.0775296227508	4.165211836186326
842.2174765596264	4.170982084105963
842.3574700204856	4.176838932708209
842.4975100285317	4.182471049384268
842.637596606984	4.187765333954126
842.7777297790768	4.192978293890823
842.9179095680597	4.1980674251044325
843.0581359971984	4.202804665028916
843.1984090897735	4.207542456503764
843.3387288690815	4.2123870035251905
843.4790953584339	4.216686750090732
843.6195085811582	4.220601566496171
843.7599685605975	4.224696436136397
843.9004753201098	4.228599155013723
844.0410288830693	4.232157436251219
844.1816292728656	4.235711731459292
844.3222765129038	4.239274161396348
844.4629706266047	4.242834879604067
844.6037116374047	4.246284341178132
844.7444995687555	4.249594414014251
844.8853344441251	4.253098743381505
845.0262162869966	4.256641565644559
845.167145120869	4.25986943280295
845.3081209692568	4.263085993739207
845.4491438556904	4.266543786498516
845.5902138037159	4.270028195945871
845.7313308368948	4.27352023212584
845.872494978805	4.277229918125484
846.0137062530393	4.2810508853157065
846.1549646832069	4.2848748083564425
846.2962702929325	4.288947892558846
846.4376231058565	4.293163282717386
846.5790231456351	4.297189100841185
846.720470435941	4.301243002849783
846.8619650004617	4.3054779964063785
847.0035068629011	4.3097156791926015
847.1450960469789	4.314019190572005
847.2867325764305	4.318295416099402
847.4284164750073	4.322347492419954
847.5701477664766	4.326441674032305
847.7119264746217	4.330554751551365
847.8537526232415	4.334359299351609
847.9956262361511	4.338049579585053
848.1375473371814	4.34162224080091
848.2795159501794	4.344956095335708
848.4215320990081	4.348510448430329
848.5635958075462	4.352092411867723
848.7057070996885	4.355194235366755
848.8478659993461	4.358293785698278
848.9900725304458	4.36157201498534
849.1323267169305	4.364750528131526
849.2746285827591	4.368099010269397
849.4169781519068	4.371766657650406
849.5593754483647	4.3756634858874195
849.70182049614	4.379738929007571
849.8443133192561	4.383987876557148
849.9868539417524	4.388692581468273
850.1294423876844	4.393857037901513
850.2720786811237	4.399299843102869
850.4147628461585	4.405111676478545
850.5574949068927	4.411194823819051
850.7002748874464	4.417633586651836
850.8431028119562	4.4246090180579385
850.9859787045746	4.431767361538824
851.1289025894705	4.4389209472414874
851.271874490829	4.4460798259774865
851.4148944328516	4.453168430219311
851.5579624397557	4.460442559262962
851.7010785357754	4.467970887836689
851.8442427451608	4.4753482754409335
851.9874550921784	4.482407855168715
852.1307156011111	4.489437851942741
852.2740242962581	4.496616474347145
852.4173812019346	4.503796571698116
852.5607863424729	4.511050653741423
852.7042397422209	4.51840898597433
852.8477414255435	4.525716146276516
852.9912914168216	4.533325600142259
853.1348897404529	4.541384650824087
853.2785364208507	4.549683389585235
853.422231482446	4.558471791349967
853.5659749496854	4.567870406942137
853.7097668470321	4.577967214500343
853.8536071989658	4.588722498720059
853.9974960299828	4.599746993018035
854.1414333645961	4.6116844636043295
854.2854192273347	4.624712841609764
854.4294536427446	4.637854193579637
854.5735366353882	4.651823335380238
854.7176682298444	4.667036791179614
854.8618484507089	4.682271336979846
855.0060773225936	4.697860200646513
855.1503548701276	4.714169836787845
855.2946811179561	4.730638930550735
855.4390560907411	4.747760239909811
855.5834798131616	4.765254468001065
855.7279523099126	4.782584438541822
855.8724736057063	4.800538261015148
856.0170437252714	4.818874874029734
856.1616626933535	4.837158985906111
856.3063305347144	4.856026153617166
856.4510472741335	4.8753913885104705
856.5958129364063	4.895059738975894
856.740627546345	4.915269161297448
856.8854911287793	4.9361064296097945
857.0304037085547	4.957806163658263
857.1753653105343	4.980341685497271
857.3203759595978	5.003822845769667
857.4654356806415	5.028520081673572
857.610544498579	5.054079034197328
857.7557024383401	5.080675061345923
857.9009095248723	5.108755865875669
858.0461657831394	5.13803219542849
858.1914712381223	5.168520263723404
858.3368259148191	5.200365360572644
858.482229838244	5.233501536336019
858.6276830334293	5.2680278471248965
858.7731855254232	5.303708035328738
858.9187373392917	5.340344529004576
859.0643385001174	5.378057334730498
859.2099890329997	5.416947725031037
859.3556889630557	5.457102357830228
859.501438315419	5.4983087779810065
859.6472371152402	5.540549648775835
859.7930853876873	5.583850844989122
859.9389831579451	5.627867454999346
860.0849304512159	5.67313104424135
860.2309272927188	5.720026990030471
860.3769737076899	5.767851225458332
860.5230697213827	5.816727706025606
860.6692153590678	5.867123294339507
860.8154106460329	5.919137836093453
860.961655607583	5.973048826922097
861.1079502690402	6.028477674338535
861.2542946557437	6.085446120009704
861.4006887930502	6.1446450257750636
861.5471327063335	6.205737672498128
861.6936264209849	6.268811980301972
861.8401699624121	6.334443531866208
861.9867633560414	6.402101087992551
862.1334066273155	6.4718080799727336
862.2800998016944	6.544035322773854
862.4268429046562	6.618511305916378
862.5736359616952	6.695463776779568
862.7204789983243	6.774916562663492
862.8673720400726	6.856380715537193
863.0143151124876	6.940475394667767
863.1613082411335	7.027426794313218
863.3083514515923	7.116415951017493
863.4554447694633	7.207674148663267
863.602588220363	7.301516941150016
863.7497818299261	7.397486960388732
863.897025623804	7.49592584016705
864.0443196276659	7.597248052250455
864.1916638671987	7.701223296100452
864.3390583681065	7.807839434590543
864.486503156111	7.917027769782187
864.6339982569516	8.029100656671558
864.7815436963853	8.14464768691186
864.9291395001864	8.2631346258606
865.076785694147	8.384253885855156
865.224482304077	8.508759741696858
865.3722293558035	8.636831573128317
865.5200268751717	8.76843594074259
865.6678748880437	8.903997043471163
865.8157734203005	9.043485455595235
865.9637224978396	9.186398999266768
866.1117221465771	9.332772650116482
866.2597723924459	9.483331872943465
866.4078732613976	9.638294578073328
866.556024779401	9.79749884946492
866.7042269724425	9.96105494350232
866.8524798665268	10.128636967265988
867.0007834876761	10.300593476872514
867.1491378619305	10.477637707236775
867.2975430153479	10.658811920473797
867.4459989740036	10.84414062154422
867.5945057639918	11.03466245127217
867.7430634114235	11.229494954038836
867.8916719424283	11.428707669178273
868.0403313831533	11.633304464502778
868.1890417597638	11.842755889951828
868.3378030984426	12.05734708261428
868.4866154253909	12.277145455097237
868.6354787668278	12.501394390466894
868.7843931489903	12.731165720753339
868.9333585981332	12.966681560595589
869.0823751405295	13.207044345174094
869.2314428024704	13.45291195064175
869.3805616102647	13.704430369852936
869.5297315902397	13.961619159224131
869.6789527687405	14.225301342343625
869.8282251721305	14.495095403534286
869.9775488267909	14.770492485022993
870.1269237591213	15.051731744764995
870.2763499955392	15.339472829317721
870.4258275624805	15.634533173148029
870.5753564863991	15.936427332617582
870.724936793767	16.244870256848937
870.8745685110748	16.560482216384994
871.024251664831	16.883172259310417
871.173986281562	17.21336943398519
871.323772387813	17.551344139674473
871.4736100101476	17.896641431149657
871.6234991751468	18.24977908889581
871.7734399094107	18.61050202097463
871.9234322395574	18.97878607504359
872.0734761922234	19.356251616557312
872.2235717940634	19.74224245063259
872.3737190717505	20.135269929929542
872.5239180519767	20.53616192688131
872.6741687614511	20.945751074740073
872.8244712269026	21.36411053138801
872.9748254750776	21.790609745570947
873.1252315327416	22.22475324165322
873.275689426678	22.66760776077908
873.4261991836887	23.119447338415767
873.5767608305945	23.57975567217764
873.7273743942344	24.049057684413178
873.8780399014659	24.527290958130575
874.0287573791651	25.01391411809166
874.1795268542267	25.509397458914123
874.3303483535637	26.015007864051064
874.481221904108	26.5314120688082
874.63214753281	27.057660855156378
874.7831252666386	27.59359764492334
874.9341551325815	28.14032862538074
875.0852371576448	28.69801102380863
875.2363713688535	29.267057125279944
875.3875577932511	29.84766564079057
875.5387964578997	30.439077716796273
875.6900873898805	31.04189292583357
875.8414306162931	31.65665845876131
875.9928261642559	32.28354325020423
876.1442740609061	32.92366078030241
876.2957743333997	33.57596145987135
876.4473270089112	34.238673641173826
876.5989321146343	34.91289365346139
876.7505896777814	35.599850675434006
876.9022997255836	36.29954073714939
877.0540622852908	37.01145473951481
877.2058773841721	37.734931352480274
877.3577450495152	38.4703073177099
877.5096653086271	39.21757799117386
877.6616381888326	39.976538468070565
877.8136637174771	40.74818293844453
877.9657419219236	41.53265517794072
878.1178728295547	42.32964049076327
878.2700564677717	43.13945855467192
878.4222928639952	43.96256000172931
878.5745820456647	44.800617271927706
878.7269240402385	45.65351797761886
878.8793188751941	46.51888703609414
879.0317665780283	47.39801743448702
879.1842671762566	48.29328533736046
879.3368206974138	49.204218163272124
879.4894271690538	50.130975405396924
879.6420866187497	51.073931022318085
879.7947990740934	52.032964206171
879.9475645626965	53.00860513252143
880.1003831121894	54.00027202470078
880.2532547502218	55.00820195021232
880.4061795044628	56.0336730949168
880.5591574026001	57.0751690594775
880.7121884723415	58.1317644577781
880.8652727414136	59.205455604876235
881.0184102375622	60.29674626669569
881.1716009885528	61.40478290743628
881.3248450221696	62.52914667074157
881.4781423662167	63.66899852671733
881.6314930485172	64.82490211874679
881.7848970969139	65.99851990785795
881.9383545392687	67.18942118096005
882.091865403463	68.39743287785639
882.2454297173974	69.62346053936673
882.3990475089923	70.86625392835117
882.5527188061876	72.1264860481216
882.7064436369419	73.4074955154076
882.8602220292343	74.70793133262464
883.0140540110626	76.02538029785751
883.1679396104447	77.36177077911195
883.3218788554177	78.71862022625763
883.4758717740382	80.09683321180201
883.6299183943827	81.49733201521755
883.7840187445469	82.91839076200914
883.9381728526464	84.35962145277234
884.0923807468164	85.82278115771119
884.2466424552115	87.30736058738691
884.4009580060059	88.81344599117995
884.555327427394	90.34290634774877
884.7097507475895	91.89392685276529
884.8642279948257	93.46449413724612
885.018759197356	95.05906382026355
885.1733443834531	96.67984512668293
885.32798358141	98.32143115079158
885.4826768195387	99.98295874665644
885.6374241261717	101.66862324835394
885.7922255296612	103.37793173765903
885.9470810583789	105.11032504824007
886.1019907407165	106.86760976512079
886.2569546050856	108.64938283502507
886.4119726799178	110.45525724622095
886.5670449936644	112.28492780487167
886.7221715747963	114.13918406224643
886.8773524518053	116.02139370750206
887.0325876532022	117.92965591594654
887.1878772075183	119.86052587361608
887.3432211433046	121.81814498281592
887.498619489132	123.8045382201137
887.6540722735922	125.81783394055813
887.8095795252957	127.86009835097633
887.965141272874	129.93022412116608
888.1207575449783	132.02541511247605
888.2764283702802	134.1489521932796
888.432153777471	136.30223915370988
888.587933795262	138.4849384730079
888.7437684523853	140.69854123450452
888.8996577775929	142.94064731880493
889.0556017996565	145.2118556438359
889.2116005473687	147.51737507881913
889.3676540495417	149.8555243088667
889.5237623350084	152.22271246144993
889.6799254326215	154.620581531984
889.8361433712546	157.0523168658543
889.9924161798009	159.51987544189348
890.1487438871743	162.02149564109564
890.3051265223089	164.5557743309399
890.4615641141593	167.1250701906821
890.6180566917001	169.7301988741524
890.7746042839264	172.370626894227
890.931206919854	175.04633661400203
891.0878646285189	177.75809590007475
891.2445774389774	180.50739364205305
891.4013453803065	183.29225980024697
891.558168481603	186.11171710312746
891.7150467719854	188.96906117428313
891.8719802805915	191.86425095826445
892.0289690365803	194.79575824781094
892.1860130691311	197.76458235715666
892.3431124074439	200.77199589036374
892.5002670807388	203.81882592444333
892.6574771182572	206.9037282402651
892.8147425492607	210.02744478436543
892.9720634030316	213.19391310450578
893.1294397088726	216.4024908842021
893.2868714961076	219.65240426620676
893.4443587940806	222.94629625658655
893.6019016321567	226.284470761207
893.7595000397214	229.6678172600267
893.9171540461814	233.09814569052233
894.0748636809637	236.5751203254978
894.2326289735162	240.10022038048444
894.3904499533077	243.6747230231226
894.5483266498276	247.2967100662497
894.7062590925865	250.96704976048773
894.8642473111153	254.6889776203847
895.0222913349661	258.4609749315703
895.1803911937121	262.28049979196805
895.338546916947	266.15005008962765
895.4967585342855	270.071214184578
895.6550260753634	274.04177874249325
895.8133495698372	278.06106256331753
895.9717290473844	282.1299861394642
896.1301645377041	286.2487709434606
896.2886560705155	290.4182590353833
896.4472036755594	294.64070277067543
896.6058073825975	298.91599991158427
896.7644672214125	303.24171718618373
896.9231832218084	307.61963595496724
897.0819554136099	312.05264968850804
897.2407838266632	316.5417506833438
897.3996684908358	321.08892300652866
897.5586094360156	325.6917970300245
897.7176066921123	330.35012499493126
897.8766602890569	335.0706823106109
898.0357702568012	339.85314712822367
898.1949366253182	344.6962075425086
898.3541594246027	349.60236977741147
898.5134386846702	354.56949199888663
898.6727744355578	359.60154642679913
898.8321667073237	364.7008693700683
898.9916155300477	369.85968247095246
899.1511209338308	375.0806764205921
899.3106829487955	380.36780196160424
899.4703016050853	385.7172571227103
899.6299769328655	391.1332662641231
899.7897089623226	396.61666416581795
899.9494977236646	402.1610530705211
900.109343247121	407.7670465877504
900.269245562943	413.43705621720875
900.4292047014029	419.1724591875405
900.5892206927947	424.9740211047367
900.7492935674338	430.8397900417223
900.9094233556575	436.7700990803109
901.0696100878243	442.7680590974134
901.2298537943145	448.83631881446354
901.39015450553	454.9719949103558
901.5505122518942	461.1717900368748
901.7109270638525	467.4424107743661
901.8713989718716	473.78569583708867
902.03192800644	480.19605328804954
902.1925141980679	486.67738509597393
902.3531575772872	493.2305930925878
902.5138581746518	499.8510224104357
902.6746160207372	506.5444492906139
902.8354311461404	513.3160507780502
902.9963035814807	520.1636607191671
903.157233357399	527.0797886738214
903.3182205045581	534.0537545680285
903.4792650536423	541.0954480993512
903.6403670353585	548.222524849327
903.801526480435	555.4252433558823
903.9627434196219	562.695650649918
904.1240178836919	570.0413966203221
904.2853499034386	577.4549339760565
904.446739509679	584.9332434233996
904.6081867332509	592.4884777317611
904.7696916050147	600.1192397688262
904.9312541558526	607.8204319385579
905.092874416669	615.5916859867356
905.2545524183903	623.4325886730245
905.4162881919648	631.3511167638014
905.5780817683637	639.3472969171972
905.7399331785796	647.4102325989063
905.9018424536273	655.538534455267
906.0638096245442	663.7370068284233
906.2258347223894	672.0094897952066
906.3879177782446	680.3516881506284
906.5500588232135	688.758596156974
906.7122578884223	697.2360840003843
906.8745150050192	705.7810778032524
907.0368302041751	714.3874422253174
907.1992035170829	723.0542972209414
907.3616349749577	731.7795845686544
907.5241246090372	740.5839968034333
907.6866724505817	749.4707722143545
907.8492785308734	758.4024978476682
908.0119428812175	767.3840023921135
908.1746655329409	776.4385154541652
908.3374465173936	785.5516298755484
908.5002858659477	794.7275402824972
908.6631836099982	803.9788102214541
908.8261397809622	813.2930616529657
908.9891544102795	822.6656685193655
909.1522275294126	832.0966910286049
909.3153591698464	841.5867992045993
909.4785493630883	851.1406847077137
909.6417981406686	860.7549325769394
909.8051055341402	870.4310959927599
909.9684715750785	880.1689907620006
910.1318962950819	889.9569979718477
910.2953797257709	899.7931409045149
910.4589218987893	909.6815040242761
910.6225228458035	919.6208531562328
910.7861825985023	929.6082452959575
910.9499011885978	939.6389134284411
911.1136786478248	949.7088187651959
911.2775150079408	959.8181529476262
911.4414103007259	969.9675465382558
911.6053645579836	980.1525984932224
911.76937781154	990.3721143322699
911.933450093244	1000.6260853460105
912.0975814349678	1010.9060674604872
912.2617718686059	1021.2181341059456
912.4260214260767	1031.572091752934
912.5903301393206	1041.9538473108782
912.7546980403018	1052.3611156693498
912.919125161007	1062.80235697274
913.0836115334463	1073.2707763899728
913.2481571896527	1083.7680374460863
913.4127621616824	1094.2946446289397
913.5774264816146	1104.843995604701
913.7421501815517	1115.4212129357634
913.9069332936192	1126.021874451952
914.0717758499659	1136.6389782895058
914.2366778827636	1147.2767924660739
914.4016394242076	1157.9294697735356
914.5666605065162	1168.5915080237733
914.731741161931	1179.262037462202
914.8968814227171	1189.9361344227998
915.0620813211625	1200.6145456579145
915.227340889579	1211.2904412612886
915.3926601603014	1221.9535344135527
915.5580391656879	1232.6089452223594
915.7234779381203	1243.2562740316139
915.8889765100034	1253.8880827809794
916.054534913766	1264.501565814774
916.2201531818599	1275.086388569956
916.3858313467606	1285.6410755300942
916.551569440967	1296.1792767660359
916.7173674970015	1306.697766607387
916.8832255474101	1317.1867129027353
917.0491436247622	1327.6470033775793
917.2151217616511	1338.072901664931
917.3811599906933	1348.4639707559481
917.5472583445294	1358.8267056070029
917.7134168558231	1369.151363250148
917.8796355572623	1379.4339194682502
918.0459144815582	1389.6799125642885
918.2122536614456	1399.8805695151382
918.3786531296837	1410.0321465446639
918.5451129190546	1420.1377420165252
918.7116330623649	1430.1890263078815
918.8782135924446	1440.180033713672
919.0448545421474	1450.10997359262
919.2115559443512	1459.9754850178645
919.3783178319576	1469.773304242724
919.545140237892	1479.4968595416872
919.7120231951037	1489.1382019053854
919.8789667365663	1498.6984933192862
920.0459708952767	1508.1833012485906
920.2130357042563	1517.5887676889558
920.3801611965501	1526.9082600061001
920.5473474052275	1536.1242730967172
920.7145943633816	1545.2083207529913
920.88190210413	1554.187211055731
921.0492706606135	1563.1077640025937
921.2167000659981	1571.934491731534
921.3841903534731	1580.6319746178729
921.5517415562523	1589.2179331770838
921.7193537075735	1597.6825590054966
921.887026840699	1606.0216365502426
922.054760988915	1614.251566927022
922.2225561855319	1622.3584297142474
922.3904124638844	1630.3359550465711
922.558329857332	1638.1834085756238
922.7263083992574	1645.8898403534592
922.8943481230685	1653.463046937856
923.0624490621975	1660.897405844506
923.2306112501005	1668.1802142081754
923.3988347202585	1675.3176678284688
923.5671195061764	1682.3012794868907
923.7354656413838	1689.1266639410073
923.9038731594351	1695.802134630486
924.0723420939081	1702.3198792979479
924.2408724784063	1708.6750930683675
924.4094643465572	1714.8627285011714
924.5781177320126	1720.8748833982604
924.7468326684495	1726.719919986889
924.9156091895688	1732.3942892908333
925.0844473290964	1737.883579944256
925.2533471207826	1743.1885320011975
925.4223085984028	1748.3097768390385
925.5913317957566	1753.2481956791926
925.7604167466683	1758.0008696379412
925.9295634849873	1762.5488114333666
926.0987720445875	1766.8864891688925
926.2680424593676	1771.0204383317978
926.4373747632511	1774.9424259937375
926.6067689901863	1778.64837948031
926.7762251741462	1782.1414144731275
926.945743349129	1785.4140889157334
927.1153235491574	1788.4579210506124
927.284965808279	1791.264103048286
927.454670160567	1793.8298011352524
927.6244366401187	1796.168354042252
927.7942652810567	1798.2783052159148
927.9641561175288	1800.1445305322384
928.1341091837073	1801.7712897006716
928.30412451379	1803.1605613622025
928.4742021419996	1804.3036159840137
928.6443421025841	1805.2051583023062
928.8145444298164	1805.868182948386
928.9848091579942	1806.2868730826985
929.155136321441	1806.4595970423757
929.325525954505	1806.3835361030176
929.49597809156	1806.0583671039128
929.6664927670043	1805.485382416075
929.8370700152626	1804.6581657889446
930.007709870784	1803.5729428979132
930.1784123680428	1802.2285022167223
930.3491775415392	1800.6203253312028
930.5200054257984	1798.7461472459584
930.6908960553711	1796.600350028322
930.861849464833	1794.1783357012582
931.0328656887858	1791.4821952096856
931.2039447618565	1788.503642902617
931.375086718697	1785.2349710038275
931.5462915939854	1781.685232414306
931.7175594224248	1777.8531638135514
931.888890238744	1773.7269644720052
932.0602840776976	1769.3110764168698
932.2317409740652	1764.6132571351625
932.4032609626527	1759.6316316601442
932.5748440782908	1754.3635336855095
932.7464903558368	1748.8099243536178
932.9181998301727	1742.9786003724662
933.0899725362069	1736.8722830328431
933.2618085088733	1730.4867839018566
933.4337077831316	1723.8307066387533
933.6056703939668	1716.9093312264201
933.7776963763903	1709.716290141761
933.9497857654391	1702.2567051362892
934.1219385961756	1694.5322149252647
934.294154903689	1686.53911741464
934.4664347230936	1678.286105030013
934.6387780895299	1669.7698258144583
934.8111850381641	1660.9825377387467
934.9836556041888	1651.9311249258633
935.1561898228218	1642.6135702775066
935.3287877293078	1633.0311660441273
935.5014493589173	1623.1886391237338
935.6741747469462	1613.0726620333949
935.8469639287171	1602.6872021150195
936.0198169395786	1592.0456140061065
936.1927338149054	1581.1383750502005
936.3657145900982	1569.9678195420665
936.5387593005838	1558.5445875896546
936.7118679818159	1546.86557872492
936.8850406692735	1534.9344414412305
937.0582773984622	1522.7587640637921
937.231578204914	1510.3454789577706
937.4049431241871	1497.6989434033762
937.5783721918657	1484.8191598057006
937.7518654435611	1471.7191685697533
937.9254229149102	1458.403722659298
938.0990446415767	1444.8684756209755
938.2727306592506	1431.1314413731577
938.446481003648	1417.1991516095923
938.6202957105123	1403.0641864572626
938.7941748156127	1388.7384561449833
938.9681183547449	1374.2286199230111
939.1421263637316	1359.5374161454897
939.3161988784215	1344.6729199363838
939.4903359346904	1329.6328727016098
939.6645375684404	1314.4240012393593
939.8388038156002	1299.0564919498918
940.0131347121254	1283.5288614366323
940.1875302939982	1267.848048174345
940.3619905972272	1252.021844390295
940.5365156578482	1236.052864006747
940.7111055119235	1219.9483526145455
940.8857601955422	1203.7137385358237
941.0604797448202	1187.3566982600232
941.2352641959004	1170.885481057759
941.4101135849522	1154.304056777955
941.5850279481724	1137.6218202472924
941.7600073217841	1120.84883528624
941.9350517420378	1103.9911247075004
942.1101612452109	1087.0552799163995
942.2853358676073	1070.0511426937378
942.4605756455586	1052.9918942207441
942.6358806154233	1035.8848789677493
942.8112508135862	1018.7353588295606
942.9866862764602	1001.5536113632577
943.1621870404848	984.3493347667081
943.3377531421263	967.135100790982
943.5133846178791	949.9198144147311
943.689081504264	932.7068291764095
943.8648438378292	915.5096484313549
944.0406716551503	898.340318495473
944.21656499283	881.2040194990439
944.3925238874979	864.1111603156778
944.5685483758119	847.0696051828622
944.7446384944566	830.0892542267288
944.9207942801437	813.1836723500282
945.097015769613	796.3568705505786
945.273302999631	779.6168406310532
945.4496560069921	762.977770310175
945.6260748285177	746.445543772021
945.8025595010577	730.0266816296321
945.9791100614882	713.7313360602902
946.1557265467138	697.5686069708253
946.3324089936661	681.5479647441583
946.5091574393048	665.6749219446816
946.6859719206167	649.956880826384
946.8628524746165	634.406392569194
947.0397991383467	619.0301843710268
947.2168119488772	603.8340356019605
947.3938909433059	588.8284601227466
947.5710361587581	574.0214454992577
947.7482476323873	559.4219286055384
947.9255254013746	545.0402574836065
948.1028695029286	530.8817585068043
948.2802799742864	516.9544817676975
948.4577568527124	503.27108142185136
948.6353001754992	489.83922732110506
948.8129099799675	476.66500859536546
948.9905863034653	463.7582143614728
949.1683291833692	451.12756857751884
949.3461386570838	438.7796061006296
949.5240147620411	426.72214349263294
949.7019575357021	414.9630227852488
949.8799670155552	403.5071200771821
950.0580432391168	392.36017726204096
950.236186243932	381.5298490839541
950.414396067574	371.0204612175783
950.5926727476436	360.83721204332267
950.7710163217705	350.9869939930894
950.9494268276122	341.47160554328116
951.1279043028547	332.2942428544975
951.3064487852122	323.4609135966259
951.4850603124271	314.97429611287777
951.6637389222706	306.83911171403156
951.8424846525418	299.05963632348005
952.0212975410684	291.63708700403873
952.2001776257064	284.57693612817684
952.3791249443406	277.88318553811615
952.5581395348839	271.55740549423626
952.7372214352778	265.60581632213746
952.9163706834925	260.0323441203722
953.0955873175267	254.8382325999616
953.2748713754077	250.0276431078172
953.4542228951912	245.60394150940664
953.6336419149618	241.56996676620795
953.8131284728327	237.9287620172166
953.9926826069457	234.6820127722471
954.1723043554716	231.83144568023866
954.3519937566095	229.3777469025897
954.531750848588	227.32156277875933
954.7115756696637	225.6640944391261
954.8914682581224	224.40420163671226
955.0714286522788	223.54047824701954
955.2514568904764	223.07186149190255
955.4315530110879	222.9958386019456
955.6117170525145	223.31006210591184
955.7919490531864	224.01141766179688
955.9722490515632	225.09578601879798
956.1526170861333	226.56035659187668
956.3330531954141	228.40199772856727
956.5135574179521	230.61559390314835
956.6941297923231	233.19659126831837
956.8747703571316	236.14241208855702
957.0554791510117	239.44832093195836
957.2362562126266	243.10737497225193
957.4171015806683	247.1165032367805
957.5980152938587	251.47283140737787
957.7789973909486	256.169883351827
957.9600479107181	261.20396987830543
958.1411668919767	266.57122605756547
958.3223543735634	272.26341340431145
958.5036103943461	278.2758189079556
958.6849349932228	284.60619288817674
958.8663282091202	291.2471961152386
959.0477900809951	298.19028209066454
959.2293206478336	305.4298010066254
959.4109199486512	312.9593091303621
959.5925880224928	320.7704438072912
959.7743249084334	328.8550024084485
959.956130645577	337.2040843636104
960.1380052730578	345.8086881169029
960.3199488300393	354.6597227660197
960.5019613557147	363.74469817168443
960.6840428893072	373.05290943030593
960.8661934700692	382.5771834547043
961.0484131372837	392.3042510147887
961.2307019302627	402.22035372298006
961.4130598883485	412.31753113833753
961.5954870509133	422.58285402633237
961.7779834573586	433.0023132473358
961.9605491471165	443.56771953446537
962.1431841596487	454.2667127720033
962.325888534447	465.08580263464546
962.5086623110334	476.0174785421873
962.6915055289593	487.0513842882601
962.8744182278066	498.17366708820714
963.0574004471874	509.3738606983498
963.2404522267436	520.6432278940277
963.4235736061474	531.9730386209244
963.6067646251016	543.3525880577929
963.790025323338	554.767638764256
963.9733557406203	566.2081950187106
964.1567559167407	577.6678668100806
964.3402258915231	589.1322723891997
964.5237657048209	600.5860816964469
964.7073753965184	612.0216833262075
964.8910550065297	623.4268759605338
965.0748045747999	634.7843928500637
965.2586241413039	646.081964967791
965.4425137460477	657.3074276702919
965.6264734290672	668.4460356808543
965.8105032304294	679.4824112269823
965.9946031902313	690.3996258712649
966.178773348601	701.1838833138056
966.3630137456967	711.8240457069029
966.5473244217076	722.3059832881538
966.7317054168534	732.6148211405286
966.9161567713846	742.7379794419617
967.1006785255822	752.6640931239472
967.2852707197586	762.3815430481551
967.4699333942559	771.8806530392282
967.6546665894479	781.1546864214657
967.8394703457391	790.1943580250795
968.0243447035643	798.9905591527913
968.2092897033899	807.5398937880099
968.3943053857133	815.8370437774569
968.5793917910619	823.8734782254272
968.7645489599953	831.6463929632366
968.9497769331031	839.1557062929519
969.1350757510063	846.3945567249035
969.3204454543577	853.3539579718515
969.5058860838398	860.033411359201
969.6913976801675	866.4330150765552
969.8769802840864	872.5443663170424
970.0626339363728	878.3600547574
970.2483586778353	883.8756793549583
970.4341545493128	889.0862266971621
970.6200215916759	893.9882444396314
970.8059598458264	898.5740151740061
970.9919693526979	902.8351345995234
971.1780501532544	906.7695513616187
971.3642022884925	910.3715006607605
971.5504257994393	913.6331996264553
971.7367207271536	916.5517214384856
971.9230871127259	919.1237789193872
972.1095249972782	921.3469772581276
972.2960344219641	923.2185310270338
972.4826154279687	924.7366273693555
972.6692680565083	925.906089694246
972.8559923488315	926.7266885036292
973.0427883462186	927.1955322986728
973.2296560899808	927.3197859686061
973.416595621462	927.1051542425232
973.6036069820374	926.5533493132519
973.7906902131137	925.6683625937123
973.9778453561303	924.4547006272095
974.1650724525578	922.9207691663784
974.3523715438984	921.0696574673134
974.5397426716871	918.9003731408005
974.7271858774903	916.423498277927
974.9147012029066	913.6433775780766
975.1022886895665	910.5564612523956
975.2899483791325	907.1710362649847
975.4776803132994	903.4889630452722
975.6654845337938	899.5066814943292
975.8533610823746	895.2309822163356
976.041310000833	890.6593985510768
976.2293313309922	885.7876095752314
976.4174251147076	880.6229674535931
976.6055913938671	875.1647440908882
976.7938302103906	869.4104723516708
976.9821416062308	863.3641197742592
977.1705256233722	857.0242448122085
977.358982303832	850.3910934052235
977.5475116896599	843.4687555629812
977.7361138229378	836.2610942343165
977.92478874578	828.7732167690931
978.1135365003337	821.0049890899469
978.3023571287785	812.9601418910264
978.4912506733262	804.64944220962
978.680217176222	796.0749076161168
978.869256679743	787.2420762973272
979.0583692261995	778.1647768381913
979.2475548579339	768.8459095687757
979.4368136173216	759.2904064928176
979.6261455467715	749.5132844663572
979.815550688724	739.5190943927039
980.0050290856531	729.3109797662423
980.1945807800658	718.9041153061053
980.3842058145016	708.3066430321029
980.5739042315329	697.5207409169371
980.763676073765	686.5592670865191
980.9535213838373	675.4306909647049
981.1434402044205	664.1366463328128
981.3334325782193	652.6907547140955
981.5234985479718	641.102677618092
981.7136381564483	629.3726991354633
981.9038514464526	617.5146377094587
982.0941384608224	605.5411617688529
982.2844992424275	593.4551854420579
982.4749338341716	581.2703421593673
982.6654422789916	568.9993611033083
982.8560246198577	556.6497956412519
983.0466808997734	544.2397830083268
983.2374111617751	531.7849716046991
983.4282154489335	519.296562106949
983.6190938043526	506.7939966646555
983.810046271169	494.2963021001981
984.0010728925535	481.82055185904505
984.1921737117104	469.3873164784072
984.3833487718776	457.0187247023625
984.5745981163262	444.7371034088066
984.7659217883615	432.56180111719647
984.9573198313221	420.51502227117487
985.1487922885806	408.6230494111518
985.3403392035427	396.90544519820827
985.5319606196484	385.3820910706936
985.7236565803715	374.07718613306764
985.9154271292197	363.01075410676657
986.107272309734	352.20305921018587
986.2991921654899	341.67256277236476
986.4911867400965	331.43337550938406
986.6832560771969	321.5040016658366
986.8754002204687	311.901319837189
987.0676192136224	302.6370259458981
987.2599131004039	293.72494174647204
987.4522819245921	285.1770599183028
987.6447257300007	277.00271888220976
987.8372445604773	269.2134318680999
988.0298384599039	261.8202064525165
988.2225074721961	254.83082778225324
988.4152516413046	248.2521675967004
988.608071011214	242.09422984759246
988.8009656259431	236.3669583469882
988.9939355295454	231.07605275922754
989.1869807661085	226.22823340389004
989.3801013797545	221.832318236541
989.5732974146398	217.89626660878045
989.7665689149562	214.42677511948156
989.9599159249286	211.42855056866523
990.1533384888174	208.90802205514467
990.3468366509177	206.87168312047356
990.5404104555583	205.3221893859183
990.734059947104	204.26346257799838
990.9277851699529	203.69775954547703
991.1215861685391	203.62398836684585
991.3154629873305	204.0430586654228
991.5094156708303	204.9521367369754
991.7034442635766	206.3463560211154
991.8975488101419	208.22237629131945
992.0917293551338	210.5706214883558
992.2859859431954	213.3818939446183
992.480318619004	216.6486167663924
992.6747274272724	220.35583131722896
992.8692124127481	224.49010921865283
993.0637736202136	229.03902332471117
993.2584110944873	233.98568609183224
993.4531248804213	239.31581848492
993.6479150229048	245.0115590062651
993.8427815668605	251.0532930271617
994.0377245572473	257.42718964598356
994.232744039059	264.1134516859689
994.4278400573246	271.09192963675
994.6230126571089	278.34866414667096
994.8182618835117	285.86309033936124
995.0135877816688	293.61543954429686
995.2089903967504	301.5904097554427
995.4044697739632	309.7671451088157
995.600025958549	318.12606910960085
995.7956589957853	326.6489546515555
995.9913689309845	335.3146080920052
996.1871558094961	344.103317492041
996.3830196767037	352.9927735903462
996.5789605780276	361.9597170831251
996.7749785589236	370.98375343390643
996.9710736648829	380.04042854152686
997.167245941433	389.1025137529094
997.3634954341368	398.1453783459586
997.5598221885937	407.1464076189952
997.7562262504384	416.0807065178461
997.9527076653417	424.92062467255744
998.1492664790107	433.6449318260091
998.3459027371881	442.23525201716416
998.5426164856525	450.669464844901
998.7394077702195	458.93207136221974
998.93627663674	467.0112031657621
999.1332231311012	474.8932444918018
999.3302472992269	482.5728195927892
999.5273491870762	490.0498329728975
999.7245288406457	497.32583716856584
999.9217863059673	504.40640115986514
1000.1191216291097	511.2986506731974
1000.3165348561784	518.0186101176398
1000.514026033314	524.5868719846246
1000.7115952066949	531.01698811666
1000.909242422535	537.3301521308679
1001.1069677270857	543.5578944594063
1001.3047711666339	549.7254013629322
1001.5026527875041	555.8559049706525
1001.7006126360565	561.9795662554455
1001.8986507586885	568.1292198509526
1002.0967672018343	574.3346197519247
1002.2949620119645	580.6244787772131
1002.4932352355862	587.0327326831543
1002.6915869192442	593.5934456400676
1002.8900171095195	600.3377002101681
1003.0885258530301	607.3002286862092
1003.2871131964309	614.5196178245759
1003.4857791864139	622.0373048602528
1003.684523869708	629.8933306279873
1003.8833472930786	638.1277699081327
1004.0822495033293	646.791026626862
1004.2812305473001	655.9319514196087
1004.480290471868	665.5942111371895
1004.6794293239476	675.8318804696077
1004.8786471504902	686.6984335855162
1005.0779439984848	698.239857340893
1005.2773199149577	710.5022842079118
1005.4767749469722	723.528902235508
1005.6763091416288	737.3598792573098
1005.8759225460664	752.021515714975
1006.0756152074599	767.5241711279881
1006.275387173023	783.8757177740522
1006.4752384900058	801.0666052633047
1006.6751692056968	819.0605372441684
1006.8751793674217	837.8012749355294
1007.0752690225436	857.2129978247592
1007.2754382184639	877.1973164854742
1007.475687002621	897.614837872665
1007.6760154224913	918.2971986735729
1007.8764235255895	939.0604144749205
1008.0769113594672	959.6744252824751
1008.2774789717142	979.8766767998064
1008.4781264099585	999.3894104273764
1008.6788537218656	1017.9087067147619
1008.8796609551392	1035.1042971077964
1009.0805481575205	1050.603438954978
1009.2815153767899	1064.0490430116324
1009.4825626607645	1075.1144542247653
1009.6836900573005	1083.406532301975
1009.8848976142916	1088.5646038864375
1010.08618537967	1090.342780831464
1010.2875534014063	1088.4777202821804
1010.4890017275089	1082.7022589861008
1010.6905304060247	1072.818780116033
1010.8921394850391	1058.728915196524
1011.0938290126758	1040.4701468911137
1011.2955990370966	1018.0875232724156
1011.4974496065024	991.6461670582539
1011.6993807691316	961.414168166916
1011.9013925732626	927.7709312057741
1012.1034850672106	891.0846137670912
1012.3056582993311	851.7614888161611
1012.5079123180168	810.3174933777229
1012.7102471717002	767.4216224651082
1012.9126629088515	723.7517706388687
1013.1151595779809	679.9035306366998
1013.3177372276363	636.5271054361044
1013.5203959064048	594.2731862440415
1013.7231356629127	553.6708899787134
1013.9259565458245	515.2273358072924
1014.1288586038447	479.44509170308595
1014.3318418857157	446.7280644135028
1014.5349064402195	417.36340887345654
1014.7380523161772	391.5256376398583
1014.941279562449	369.3168165461381
1015.1445882279343	350.7615346269166
1015.3479783615709	335.70312818290705
1015.551450012337	323.8765325197953
1015.755003229249	315.0489088674428
1015.9586380613639	308.9022111351583
1016.1623545577769	305.0107736524498
1016.3661527676229	303.04146984252446
1016.5700327400765	302.6764315669543
1016.7739945243513	303.47588529837174
1016.9780381697011	305.0843363207596
1017.1821637254183	307.3016479079318
1017.3863712408356	309.93844436414633
1017.5906607653254	312.892558078147
1017.7950323482991	316.195361174604
1017.9994860392084	319.9279555366711
1018.2040218875445	324.2549915555634
1018.4086399428382	329.3758906104292
1018.6133402546607	335.5294035577964
1018.8181228726224	343.0983885212238
1019.0229878463743	352.4181024945585
1019.2279352256065	363.7676261686146
1019.4329650600497	377.6082904031768
1019.6380773994746	394.3363237858886
1019.8432722936914	414.0941032998822
1020.0485497925514	437.0007551700058
1020.253909945945	463.12996562490815
1020.4593528038035	492.41547958534505
1020.6648784160981	524.7145618659531
1020.8704868328402	559.7410795042017
1021.0761781040819	597.0402834932477
1021.2819522799155	636.0423062520866
1021.487809410473	676.0411202495623
1021.693749545928	716.2380481244405
1021.8997727364938	755.793507570096
1022.1058790324244	793.7997821533921
1022.3120684840142	829.3409865271187
1022.5183411415984	861.5754491000323
1022.7246970555527	889.6781340745407
1022.931136276294	912.8237302397811
1023.1376588542789	930.2933197826222
1023.3442648400056	941.5280309280575
1023.5509542840127	946.1532472916042
1023.7577272368799	944.0008295196955
1023.9645837492271	935.0804790754671
1024.1715238717165	919.5912690175791
1024.37854765505	897.9227650536723
1024.5856551499705	870.6310018966395
1024.792846407263	838.4985788168698
1025.0001214777526	802.5161918464104
1025.2074804123063	763.7695857147617
1025.414923261831	723.4361609933525
1025.6224500772764	682.7790408349357
1025.8300609096327	643.0645558262494
1026.0377558099308	605.5247664956312
1026.2455348292442	571.3260618351131
1026.4533980186868	541.5312328503165
1026.6613454294143	517.0858434209496
1026.8693771126236	498.77404257087164
1027.0774931195538	487.205180449414
1027.2856935014845	482.82925540972445
1027.4939783097377	485.86138533546
1027.702347595677	496.249781332439
1027.9108014107073	513.7755059494832
1028.1193398062749	538.0760660413198
1028.327962833869	568.6168244492253
1028.5366705450194	604.763732690768
1028.7454629912986	645.8129675222555
1028.9543402243205	690.9490099838338
1029.1633022957412	739.2874246129264
1029.3723492572583	789.9446929293559
1029.5814811606124	842.0875142098511
1029.790698057585	894.9604656088889
1030.0	947.8508552896614
1030.2093870397246	1000.1391721853171
1030.4188592286662	1051.3679214929011
1030.6284166187759	1101.1357885912366
1030.8380592620467	1149.1053369307472
1031.0477872105137	1195.1356527239438
1031.2576005162546	1239.1756029874866
1031.4674992313896	1281.1659079726944
1031.6774834080807	1321.1622028456868
1031.887553098533	1359.3175964784634
1032.097708354994	1395.7363367915239
1032.3079492297538	1430.5162775693752
1032.518275775145	1463.8131862845264
1032.728688043543	1495.7262388625468
1032.9391860873654	1526.2613892016386
1033.1497699590734	1555.412856884665
1033.3604397111703	1583.1196903699802
1033.5711953962023	1609.2176086863865
1033.7820370667591	1633.4953375264477
1033.9929647754727	1655.7004995120133
1034.2039785750183	1675.5118279428932
1034.4150785181137	1692.5490218114305
1034.6262646575203	1706.392353927085
1034.8375370460426	1716.5922437053412
1035.0488957365274	1722.7099178382368
1035.260340781866	1724.4083799057892
1035.4718722349921	1721.4321352157183
1035.6834901488824	1713.5271420819727
1035.8951945765577	1700.51187847492
1036.1069855710816	1682.3013013250104
1036.3188631855614	1658.8318082085727
1036.5308274731478	1630.115486354378
1036.742878487035	1596.270066838236
1036.9550162804603	1557.4684802639597
1037.1672409067053	1514.0219526837134
1037.3795524190948	1466.4638651664857
1037.5919508709972	1415.461873708666
1037.804436315825	1361.6579653135448
1038.0170088070338	1305.5556969626468
1038.2296683981242	1247.5778596284556
1038.4424151426394	1188.2118996260438
1038.655249094167	1127.9944997815855
1038.8681703063385	1067.4807210076742
1039.0811788328292	1007.2946458738782
1039.2942747273592	947.9899453849068
1039.507458043692	889.9580283236442
1039.720728835635	833.6059188956245
1039.9340871570405	779.2978216827368
1040.1475330618043	727.1478369752183
1040.361066603867	677.1821020670832
1040.5746878372129	629.5092401803865
1040.7883968158717	584.2388451899343
1041.0021935939162	541.4892294984268
1041.2160782254646	501.41794739490217
1041.4300507646794	464.1316219728758
1041.6441112657672	429.67339061026763
1041.8582597829793	398.09009416204
1042.072496370612	369.4688690900028
1042.286821083006	343.93803294212347
1042.5012339745474	321.6312532508723
1042.7157350996654	302.69233268303594
1042.9303245128353	287.30547478143035
1043.1450022685774	275.6584752266825
1043.3597684214562	267.93813746366294
1043.5746230260816	264.35844007165383
1043.789566137108	265.1260194608972
1044.0045978092357	270.43307561173333
1044.219718097209	280.4440508408232
1044.434927055818	295.24450405009526
1044.650224739898	314.90847128510586
1044.8656112043293	339.5344556087295
1045.0810865040376	369.1233139582075
1045.2966506939938	403.5844863071308
1045.5123038292143	442.824826519805
1045.7280459647607	486.659850462632
1045.9438771557404	534.7865101475227
1046.1597974573058	586.9076461086232
1046.3758069246553	642.6866128628873
1046.5919056130328	701.6636089794795
1046.808093577728	763.3561401282058
1047.0243708740757	827.2729589189393
1047.2407375574571	892.8336864836041
1047.4571936832988	959.4100078989047
1047.673739307073	1026.3633503454378
1047.8903744842987	1093.0435351734707
1048.10709927054	1158.816499209002
1048.3239137214073	1223.068724439423
1048.540817892557	1285.2161400257817
1048.7578118396914	1344.7060583366192
1048.9748956185592	1401.013456208019
1049.192069284955	1453.6314588568302
1049.40933289472	1501.9879522898266
1049.6266865037408	1545.4945829918674
1049.8441301679516	1583.7965581304045
1050.0616639433315	1616.8968983104394
1050.2792878859075	1644.9457355186933
1050.4970020517521	1667.7350187808972
1050.7148064969845	1684.5541311857767
1050.9327012777703	1694.927296192908
1051.1506864503224	1699.2170856335902
1051.3687620708993	1698.1277860002344
1051.5869281958066	1691.8596100856414
1051.8051848813977	1680.1182894560898
1052.0235321840707	1662.9568213810026
1052.2419701602726	1641.0374641355957
1052.4604988664962	1614.8689133636265
1052.6791183592811	1584.5330169531028
1052.8978286952147	1550.2292261534137
1053.1166299309302	1512.4192467478458
1053.3355221231097	1471.5781725315749
1053.5545053284804	1428.1445989457075
1053.7735796038185	1382.5377100153803
1053.992745005946	1335.1393210346234
1054.2120015917333	1286.3136660694647
1054.4313494180972	1236.4396026357006
1054.6507885420021	1185.9036175257834
1054.8703190204606	1135.05870623877
1055.0899409105318	1084.2310058963305
1055.3096542693231	1033.7323277638866
1055.529459153989	983.8395665012908
1055.7493556217314	934.8103779141691
1055.9693437298006	886.8845529531009
1056.189423535494	840.2666175268254
1056.409595096157	795.1430616508984
1056.6298584691833	751.6755867439575
1056.8502137120136	709.9947132261316
1057.0706608821367	670.2166014211956
1057.2912000370904	632.4308693868559
1057.5118312344591	596.703885135755
1057.732554531876	563.0934807673183
1057.953369987023	531.6343702222196
1058.1742776576289	502.3414088544033
1058.3952776014714	475.2205880134155
1058.6163698763764	450.2636406960207
1058.8375545402184	427.44999056871376
1059.05883165092	406.74829190509325
1059.2802012664522	388.1201221331277
1059.5016634448345	371.52547325144053
1059.7232182441353	356.9175192495581
1059.944865722471	344.244479519429
1060.1666059380068	333.4554025328257
1060.3884389489567	324.49924960483247
1060.6103648135838	317.32625476326
1060.832383590199	311.8898486689983
1061.054495337163	308.1481328210472
1061.276700112885	306.0624508816762
1061.4989979758232	305.5972124759381
1061.7213889844847	306.72529031357
1061.9438731974258	309.4254454842938
1062.1664506732513	313.680568430924
1062.3891214706161	319.4801257893447
1062.6118856482237	326.81580790973436
1062.834743264827	335.685444316473
1063.0576943792285	346.0931427536781
1063.2807390502787	358.03936833401536
1063.5038773368794	371.5272923253658
1063.7271092979806	386.56372390086506
1063.9504349925828	403.15087251765027
1064.1738544797345	421.29039823577574
1064.3973678185355	440.9780305044861
1064.620975068134	462.20326285506417
1064.8446762877284	484.9573193924466
1065.0684715365674	509.21875056345056
1065.2923608739484	534.9557463017281
1065.5163443592198	562.1377892269232
1065.7404220517794	590.7183433425763
1065.9645940110745	620.6400052235468
1066.1888602966033	651.8450704292312
1066.4132209679135	684.256997005747
1066.6376760846028	717.7896185280155
1066.8622257063203	752.3564669264131
1067.0868698927636	787.8530633464729
1067.311608703682	824.165706277601
1067.536442198874	861.1770073795825
1067.7613704381897	898.75539009906
1067.9863934815285	936.7653175792935
1068.2115113888412	975.0654238393251
1068.4367242201286	1013.501349588773
1068.6620320354425	1051.919207374083
1068.887434894885	1090.1643816641256
1069.1129328586094	1128.0738480489206
1069.3385259868187	1165.4830992224643
1069.5642143397681	1202.2295365065384
1069.789997977763	1238.1524363246663
1070.0158769611598	1273.0949600457172
1070.2418513503658	1306.9047646372717
1070.4679212058395	1339.4347984952642
1070.6940865880904	1370.5455984240052
1070.9203475576792	1400.1067571167719
1071.1467041752173	1427.9987211744337
1071.3731565013684	1454.115213542125
1071.5997045968465	1478.358101874445
1071.8263485224181	1500.6412900259793
1072.0530883388994	1520.9013119314197
1072.2799241071602	1539.0827085044
1072.5068558881196	1555.1365528779725
1072.73388374275	1569.0363438788434
1072.9610077320754	1580.7647395591882
1073.1882279171698	1590.314919369804
1073.4155443591605	1597.6984188084316
1073.6429571192266	1602.9282872249416
1073.870466258598	1606.0320025886526
1074.0980718385574	1607.05324372982
1074.3257739204394	1606.0287494870436
1074.5535725656305	1603.0073728392974
1074.7814678355685	1598.053809138358
1075.0094597917446	1591.2282928801928
1075.2375484957015	1582.595694690429
1075.4657340090346	1572.2268715946534
1075.6940163933905	1560.1968133128444
1075.9223957104696	1546.586097678692
1076.1508720220238	1531.4718239236424
1076.3794453898577	1514.9360375227177
1076.6081158758282	1497.0649035604454
1076.8368835418453	1477.9386203481502
1077.065748449871	1457.643679847986
1077.2947106619206	1436.2703214635778
1077.523770240062	1413.9021759109858
1077.752927246415	1390.6227006372824
1077.982181743154	1366.5178527586447
1078.2115337925045	1341.6723884697983
1078.440983456746	1316.1646245761422
1078.670530798211	1290.0731047974941
1078.9001758792847	1263.4797196334966
1079.1299187624059	1236.4539545740738
1079.359759510066	1209.0616836843014
1079.58969818481	1181.375585614729
1079.8197348492365	1153.457440645791
1080.0498695659967	1125.3616444931324
1080.2801023977959	1097.1460677901075
1080.5104334073928	1068.8639390536507
1080.7408626575993	1040.5620239266905
1080.9713902112812	1012.2856857126311
1081.2020161313576	984.081056827648
1081.4327404808016	955.9878561640259
1081.66356332264	928.0412779213459
1081.8944847199534	900.2837115247648
1082.1255047358768	872.7517823294445
1082.3566234335976	845.4762502675114
1082.5878408763592	818.497056062856
1082.8191571274576	791.8478537159145
1083.0505722502437	765.5595514125981
1083.2820863081217	739.6727910580192
1083.513699364551	714.2211937664931
1083.7454114830448	689.2385266955457
1083.9772227271706	664.7631539131098
1084.209133160551	640.8247335166739
1084.4411428468613	617.4595799968372
1084.6732518498332	594.7078910244468
1084.9054602332524	572.5992332938984
1085.137768060959	551.1674606006775
1085.3701753968476	530.4485682108966
1085.602682304868	510.472964664321
1085.8352888490244	491.27227503229153
1086.0679950933768	472.8763996596553
1086.3008011020383	455.3161490201622
1086.5337069391794	438.62185882943317
1086.7667126690233	422.8177706497769
1086.99981835585	407.93159109587936
1087.2330240639938	393.9898079253636
1087.4663298578446	381.01294612374295
1087.699735801847	369.02590567353434
1087.9332419605018	358.0506533545253
1088.1668483983647	348.10390278278334
1088.400555180047	339.2057925682788
1088.6343623702148	331.37294852004817
1088.8682700335912	324.61833194018595
1089.102278234954	318.9563124185807
1089.3363870391363	314.39778930360205
1089.5705965110283	310.9512585506262
1089.8049067155746	308.6251122915266
1090.0393177177768	307.4253136408934
1090.2738295826919	307.35481464545796
1090.5084423754324	308.41430171350737
1090.743156161168	310.6043516612898
1090.9779710051234	313.92326022639503
1091.2128869725807	318.3652415238559
1091.447904128877	323.92486254132456
1091.6830225394065	330.5955720490452
1091.918242269619	338.3669494967018
1092.153563385022	347.2276254047305
1092.3889859511778	357.1642550913664
1092.6245100337069	368.16092110725367
1092.8601356982856	380.2012379597495
1093.0958630106466	393.2668054988733
1093.3316920365794	407.33723611270597
1093.5676228419313	422.38959667158116
1093.8036554926052	438.39731025107375
1094.039790054561	455.3360074846623
1094.2760265938168	473.1807842767864
1094.5123651764463	491.89834795473473
1094.7488058685813	511.4570447674762
1094.9853487364098	531.8295954836994
1095.221993846178	552.9813109092703
1095.4587412641888	574.875910530513
1095.6955910568026	597.4800320883837
1095.932543290437	620.7563407594578
1096.1695980315676	644.6697329140027
1096.406755346727	669.1876032691532
1096.6440153025055	694.2713915768567
1096.881377965551	719.8849337400922
1097.1188434025694	745.9975797565311
1097.3564116803245	772.5720428881435
1097.5940828656373	799.5696303003558
1097.8318570253873	826.9603134414414
1098.0697342265112	854.7106188644673
1098.3077145360048	882.7847062480539
1098.5457980209212	911.1558188041398
1098.7839847483717	939.7894526978156
1099.0222747855264	968.6429140111468
1099.2606681996133	997.6839240754258
1099.4991650579184	1026.8848347179517
1099.7377654277866	1056.21795451102
1099.9764693766213	1085.6426158100678
1100.215276971884	1115.1141345033054
1100.4541882810947	1144.6193061698964
1100.693203371833	1174.1214149234074
1100.9323223117367	1203.5474164583668
1101.171545168502	1232.8883983551207
1101.4108720098843	1262.153233343058
1101.6503029036978	1291.2884798313416
1101.8898379178158	1320.2433222315763
1102.1294771201708	1348.9819542069179
1102.369220578754	1377.4748933061082
1102.609068361616	1405.7158679716713
1102.8490205368669	1433.6814382378416
1103.0890771726756	1461.3511341509966
1103.3292383372705	1488.7158426385058
1103.5695040989397	1515.7323782200185
1103.8098745260306	1542.3650323203872
1104.0503496869503	1568.5906981979824
1104.290929650165	1594.4038601393847
1104.5316144842016	1619.8525589027415
1104.7724042576456	1644.9177725595341
1105.013299039143	1669.5190887174576
1105.2542988973996	1693.6573174209193
1105.4954039011814	1717.309690259724
1105.7366141193138	1740.4203068986947
1105.9779296206827	1763.0534139864294
1106.2193504742343	1785.2513810696018
1106.4608767489742	1806.929103514847
1106.7025085139692	1828.034159747939
1106.944245838346	1848.5729837811143
1107.1860887912921	1868.5451488717895
1107.4280374420548	1887.9514585950935
1107.6700918599427	1906.7823635361192
1107.912252114324	1925.022841047883
1108.154518274629	1942.6679977441752
1108.3968904103472	1959.7087354842522
1108.6393685910302	1976.1430083266375
1108.88195288629	1991.9768591580398
1109.124643365799	2007.204274762268
1109.3674400992913	2021.821722290181
1109.610343156562	2035.8359711584815
1109.8533526074668	2049.24629280861
1110.0964685219235	2062.052600265653
1110.3396909699104	2074.2656802468737
1110.5830200214675	2085.8877400777546
1110.8264557466962	2096.9146719575174
1111.0699982157591	2107.353672567079
1111.3136474988808	2117.2077985695046
1111.5574036663468	2126.4739155655293
1111.8012667885055	2135.157131250553
1112.0452369357658	2143.2559920642284
1112.2893141785992	2150.7681647330437
1112.5334985875384	2157.7045275662754
1112.7777902331784	2164.062290589086
1113.0221891861768	2169.8315740559674
1113.2666955172526	2175.023277938297
1113.5113092971867	2179.6424183559284
1113.756030596823	2183.681447983029
1114.0008594870674	2187.1479409379926
1114.2457960388876	2190.0499947688186
1114.4908403233148	2192.3871434640073
1114.7359924114417	2194.1665662605574
1114.9812523744242	2195.3961079635324
1115.2266202834805	2196.0850103655575
1115.4720962098916	2196.2437030564047
1115.7176802250012	2195.8704008629697
1115.9633724002165	2194.9693575863016
1116.2091728070063	2193.5522956473487
1116.4550815169034	2191.626934045828
1116.7010986015032	2189.2164018535145
1116.947224132465	2186.3280529055937
1117.1934581815103	2182.936657855776
1117.4398008204241	2179.0486195091185
1117.686252121055	2174.6882153858596
1117.9328121553149	2169.851281619773
1118.1794809951791	2164.5400882822005
1118.4262587126864	2158.764094927123
1118.6731453799396	2152.520199235361
1118.9201410691046	2145.813986780906
1119.1672458524113	2138.653882975797
1119.4144598021535	2131.042094977138
1119.6617829906888	2122.985292073731
1119.909215490439	2114.4913616371236
1120.1567573738894	2105.5690602159816
1120.4044087135899	2096.228962017209
1120.6521695821543	2086.4806108052067
1120.900040052261	2076.3344293156765
1121.1480201966517	2065.8029782343283
1121.3961100881343	2054.899754346946
1121.6443097995793	2043.633995814029
1121.892619403923	2032.0175778384416
1122.1410389741657	2020.0686881447107
1122.3895685833722	2007.7983040691754
1122.6382083046726	1995.2189015643037
1122.8869582112613	1982.342173606217
1123.1358183763987	1969.1612952529533
1123.384788873408	1955.6826786227398
1123.6338697756798	1941.933962768099
1123.8830611566684	1927.9218541929088
1124.1323630898935	1913.6415433842617
1124.3817756489402	1899.1034785629743
1124.6312989074586	1884.3180208553033
1124.8809329391652	1869.2854485908442
1125.1306778178407	1854.0092685721295
1125.380533617332	1838.5037466930298
1125.6305004115516	1822.7796428502995
1125.880578274477	1806.8370327096907
1126.1307672801527	1790.6833163545116
1126.3810675026884	1774.3353147641647
1126.6314790162594	1757.8040470967703
1126.882001895107	1741.0958455389261
1127.1326362135392	1724.2204938044476
1127.3833820459295	1707.1928277309737
1127.6342394667174	1690.026980938793
1127.88520855041	1672.730440262699
1128.136289371579	1655.312316692318
1128.387482004864	1637.7887959385953
1128.63878652497	1620.169566867629
1128.8902030066693	1602.4575065053086
1129.1417315247998	1584.6642887492153
1129.3933721542676	1566.800214629684
1129.6451249700444	1548.8648509181878
1129.8969900471698	1530.8644015727994
1130.1489674607494	1512.8069293797978
1130.4010572859556	1494.6939588119185
1130.6532595980293	1476.534579813359
1130.9055744722773	1458.3337560639432
1131.158001984074	1440.0860560621516
1131.4105422088612	1421.796859279455
1131.663195222148	1403.4748823064174
1131.9159610995112	1385.1226828675717
1132.1688399165948	1366.7459510815936
1132.4218317491102	1348.349956769171
1132.6749366728375	1329.9395368381456
1132.9281547636233	1311.521213530134
1133.181486097383	1293.1014901828844
1133.4349307500995	1274.6900286351693
1133.6884887978238	1256.2929582519039
1133.9421603166745	1237.9147245879597
1134.1959453828392	1219.5656765809729
1134.4498440725731	1201.2519690867844
1134.7038564622	1182.9765890139804
1134.957982628112	1164.745666276632
1135.2122226467693	1146.5653531291418
1135.4665765947013	1128.443094516267
1135.7210445485055	1110.3816821493956
1135.9756265848478	1092.3818058952218
1136.2303227804637	1074.449572176311
1136.4851332121573	1056.5855995659279
1136.7400579568007	1038.7912509135901
1136.9950970913364	1021.074780230837
1137.250250692775	1003.4371843505704
1137.5055188381964	985.8807986566611
1137.7609016047497	968.4108279235897
1138.0163990696542	951.0241986851754
1138.272011310197	933.7255358784051
1138.5277384037358	916.525292677436
1138.7835804276974	899.4242965042971
1139.0395374595782	882.4255342022172
1139.2956095769448	865.5362549009776
1139.5517968574327	848.7606178106332
1139.808099378748	832.1036334408615
1140.0645172186662	815.5701796252433
1140.3210504550336	799.1653733871537
1140.5776991657651	782.8956412409451
1140.8344634288476	766.7646375834577
1141.0913433223368	750.7749511628374
1141.348338924359	734.9304244216253
1141.6054503131118	719.2368531288653
1141.8626775668622	703.6995499081943
1142.1200207639483	688.3176130659265
1142.3774799827788	673.0912779831019
1142.6350553018328	658.0269242872738
1142.8927467996605	643.1272495446512
1143.150554554883	628.3937306388485
1143.4084786461922	613.8294393033611
1143.666519152351	599.4313789239649
1143.9246761521936	585.2024322201229
1144.1829497246251	571.155005085486
1144.4413399486223	557.288880777586
1144.699846903233	543.5976117389168
1144.9584706675769	530.085693892747
1145.2172113208446	516.7575561893105
1145.4760689422985	503.61600059944857
1145.735043611273	490.667066918028
1145.9941354071739	477.9120684340962
1146.2533444094788	465.35090633328014
1146.5126706977378	452.98593365084474
1146.7721143515726	440.8184192574381
1147.0316754506764	428.85020272029635
1147.2913540748157	417.0823299606274
1147.5511503038285	405.51605574530424
1147.8110642176255	394.1526873668461
1148.0710958961893	382.989600945336
1148.3312454195757	372.02770189192427
1148.5915128679126	361.2690802850885
1148.8518983214005	350.70968403218706
1149.1124018603134	340.3494604657798
1149.373023564997	330.18867655393893
1149.6337635158704	320.2226572271852
1149.8946217934263	310.45410820642877
1150.1555984782294	300.88472100776863
1150.4166936509182	291.50813261757196
1150.6779073922046	282.32487272664173
1150.9392397828733	273.3380575209869
1151.2006909037827	264.54516706076674
1151.4622608358645	255.94498438477254
1151.7239496601242	247.53526889072654
1151.9857574576408	239.31338554563442
1152.2476843095674	231.2822273296821
1152.5097302971303	223.44218764450295
1152.7718955016303	215.78879063692446
1153.0341800044414	208.32088715997506
1153.2965838870127	201.03853467266916
1153.5591072308669	193.93886292374668
1153.821750117601	187.01957260491255
1154.0845126288862	180.2790809462723
1154.3473948464682	173.7128965180115
1154.6103968521677	167.31718125770968
1154.8735187278787	161.09263747725086
1155.1367605555713	155.03717812587072
1155.40012241729	149.14521427261496
1155.663604395153	143.4157926751004
1155.9272065713553	137.84594188052162
1156.1909290281653	132.42881592708764
1156.4547718479273	127.16509872795642
1156.7187351130603	122.05517891574895
1156.9828189060595	117.09215936909679
1157.2470233094946	112.27346856392909
1157.5113484060105	107.5997608716676
1157.7757942783285	103.0688147617837
1158.040361009245	98.67856398108779
1158.3050486816326	94.42617057165941
1158.5698573784382	90.30869051008902
1158.8347871826868	86.32498299346449
1159.0998381774777	82.47322942156593
1159.3650104459866	78.75073544697726
1159.6303040714658	75.15463033828472
1159.8957191372433	71.68273337236633
1160.1612557267235	68.33321185415886
1160.4269139233875	65.10282155679144
1160.692693810793	61.988641804378105
1160.9585954725733	58.98786565199346
1161.2246189924394	56.09714766201736
1161.4907644541784	53.314461954711305
1161.7570319416545	50.63736784652304
1162.0234215388093	48.06223908098686
1162.2899333296602	45.58492635931404
1162.556567398303	43.20246114158388
1162.8233238289097	40.915428513831365
1163.09020270573	38.72143232173027
1163.357204113091	36.614525871957774
1163.624328135397	34.593923740385655
1163.8915748571305	32.65877520457128
1164.1589443628507	30.80470747253963
1164.426436737195	29.030656817404736
1164.6940520648789	27.33555219467849
1164.961790430695	25.716181961175042
1165.2296519195145	24.170923067026596
1165.4976366162869	22.697678400218482
1165.7657446060389	21.29424582546569
1166.0339759738763	19.95933162065254
1166.3023308049833	18.690315910988545
1166.570809184622	17.48480329462962
1166.839411198133	16.34089887395264
1167.1081369309359	15.256065993958979
1167.3769864685291	14.228671445913033
1167.6459598964896	13.257117187288966
1167.9150573004729	12.339238329619056
1168.1842787662142	11.472794596861451
1168.4536243795274	10.653965276769553
1168.7230942263052	9.88039538521527
1168.9926883925204	9.153037798530294
1169.2624069642243	8.470119698753532
1169.5322500275483	7.827934689284379
1169.8022176687032	7.2256963436518635
1170.0723099739787	6.661685863053517
1170.3425270297453	6.13300604545543
1170.612868922452	5.6393118887868985
1170.8833357386295	5.179796110051733
1171.153927564887	4.752422906240598
1171.4246444879143	4.355803480681625
1171.6954865944813	3.9882170423961614
1171.9664539714379	3.6484957157062197
1172.2375467057147	3.3357258733122053
1172.5087648843232	3.0481206284592957
1172.7801085943547	2.7846124440920974
1173.0515779229809	2.54412102448334
1173.3231729574554	2.324957444299176
1173.5948937851115	2.1261183151796916
1173.866740493364	1.9464272018222957
1174.1387131697084	1.78449509789998
1174.4108119017214	1.6394255932111363
1174.6830367770617	1.5102862254005631
1174.955387883468	1.396216814111865
1175.2278653087606	1.296041438595843
1175.5004691408421	1.2083043759039676
1175.7731994676963	1.1324673314324287
1176.0460563773884	1.0681103904460134
1176.3190399580653	1.0140687132500819
1176.5921502979566	0.969772680072122
1176.8653874853728	0.9351116032416664
1177.138751608707	0.9088910471354824
1177.4122427564346	0.8899406077415382
1177.6858610171128	0.8782639458032052
1177.9596064793814	0.8735262829584752
1178.2334792319623	0.8748588720227731
1178.5074793636609	0.8817509775259931
1178.7816069633639	0.8936826131571463
1179.0558621200416	0.9101484370064058
1179.330244922747	0.9306139235391073
1179.6047554606155	0.9544535688823248
1179.8793938228664	0.981407847210705
1180.1541600988014	1.0111381682314808
1180.4290543778056	1.0430438562149271
1180.7040767493475	1.07668723420762
1180.9792273029786	1.1118475478506726
1181.254506128335	1.1482913545514188
1181.5299133151343	1.1855532291702728
1181.8054489531805	1.223539711159795
1182.0811131323592	1.261983340775547
1182.3569059426407	1.3000758500686287
1182.6328274740795	1.338481941400097
1182.9088778168139	1.3778487501078631
1183.1850570610663	1.4169137811852344
1183.4613652971434	1.4553620470723783
1183.7378026154365	1.4935036799437802
1184.0143691064213	1.530789208674991
1184.2910648606583	1.567543684355396
1184.5678899687919	1.6039821982654887
1184.844844521552	1.6395972122654712
1185.121928609753	1.674439181044385
1185.3991423242944	1.708194231533184
1185.676485756161	1.7405983997121814
1185.9539589964224	1.7720628289190972
1186.2315621362338	1.8023350145013715
1186.5092952668354	1.8309980215103885
1186.787158479553	1.8581692286682543
1187.0651518657983	1.8839108386422716
1187.343275517068	1.9081826262325055
1187.6215295249451	1.9308035776204853
1187.8999139810987	1.9516661124860022
1188.1784289772831	1.9710140162415872
1188.4570746053391	1.9890123453924515
1188.7358509571936	2.0056523192911153
1189.0147581248602	2.0208304053933865
1189.2937962004382	2.0341327785586407
1189.5729652761138	2.045519870969723
1189.8522654441592	2.0559070434661937
1190.1316967969346	2.065610271466178
1190.4112594268852	2.073854579843552
1190.6909534265444	2.080657398401601
1190.9707788885323	2.086363103062665
1191.250735905556	2.0906208516884295
1191.5308245704093	2.0935979901184356
1191.8110449759743	2.0955067760993353
1192.0913972152193	2.096062688101239
1192.3718813812013	2.0954507346527333
1192.652497567064	2.0936327679664157
1192.9332458660397	2.0903956599479185
1193.214126371447	2.0861330201638655
1193.4951391766945	2.0807451781620014
1193.7762843752766	2.0738309093111127
1194.0575620607776	2.065719334611754
1194.338972326869	2.056742031892519
1194.6205152673108	2.0467517535281985
1194.9021909759522	2.0355269935404587
1195.1839995467296	2.0231731771059023
1195.4659410736692	2.0100835058232094
1195.7480156508855	1.9964168483392906
1196.030223372581	1.9821288909581067
1196.3125643330493	1.967245273842953
1196.5950386266707	1.9516862598322682
1196.877646347916	1.9353108047279697
1197.1603875913452	1.9183441442245508
1197.4432624516076	1.9011950728599558
1197.726271023441	1.883637747251778
1198.0094134016742	1.8653176095494797
1198.292689681225	1.846592684832611
1198.5760999571014	1.8275643995027515
1198.8596443244007	1.80793881599117
1199.1433228783103	1.7878347928891567
1199.4271357141085	1.7672114060372637
1199.7110829271626	1.7459364548447316
1199.995164612931	1.7241985642159945
