800.0675117647783	0.4756382572469831
800.1938424669584	0.48038085917560497
800.3202130706877	0.4849949556428212
800.4466235948742	0.48923067825686156
800.5730740584364	0.49374133021421807
800.6995644803062	0.49851612639836856
800.8260948794266	0.5030354021444735
800.9526652747526	0.5070896616462675
801.0792756852518	0.5107974375268782
801.2059261299029	0.5148376603402494
801.3326166276973	0.519010808374594
801.4593471976383	0.5226566623047677
801.586117858741	0.5260867372755106
801.7129286300324	0.5290581610138433
801.839779530552	0.5316786572396369
801.9666705793514	0.5350435271714152
802.0936017954936	0.5382372979452307
802.2205731980542	0.5403133225710981
802.3475848061207	0.5423884458592854
802.474636638793	0.5445141850391749
802.6017287151824	0.5464880481208375
802.728861054413	0.5487738022915768
802.8560336756209	0.5506723911132118
802.983246597954	0.5522602427521018
803.1104998405727	0.5540918898840103
803.237793422649	0.5557370573847514
803.365127363368	0.5576898270836568
803.4925016819258	0.5598860228567153
803.6199163975317	0.5618089089645223
803.7473715294068	0.5643750411058586
803.8748670967839	0.566875196795388
804.0024031189092	0.5686072407536479
804.1299796150397	0.5711395282779368
804.2575966044458	0.5740458130948717
804.3852541064091	0.5764496300548111
804.5129521402245	0.5792797572272063
804.6406907251986	0.5821703245149289
804.7684698806498	0.5849142004505004
804.8962896259101	0.587958431201426
805.0241499803222	0.5905267271533586
805.1520509632425	0.5929496547273049
805.2799925940383	0.5957644555895452
805.4079748920905	0.5981093932010884
805.535997876792	0.6004983691848801
805.6640615675472	0.6035075769738592
805.792165983774	0.6061154182852166
805.9203111449017	0.6083519473703847
806.0484970703727	0.6108362095938168
806.1767237796414	0.6134232302198965
806.3049912921743	0.6161708590432509
806.4332996274513	0.6190399548152056
806.5616488049634	0.6220462994278545
806.690038844215	0.6254360617368543
806.8184697647222	0.6288474113035879
806.9469415860142	0.6324142014266649
807.0754543276324	0.6367200479133484
807.2040080091302	0.6413236358130059
807.3326026500744	0.6459665753561903
807.461238270043	0.650990102897096
807.5899148886277	0.656317583895987
807.7186325254322	0.6619184703492826
807.8473912000724	0.6679012888341163
807.9761909321771	0.674238471718144
808.1050317413875	0.6805737547074732
808.2339136473574	0.6866257602653291
808.3628366697532	0.6930872888587539
808.4918008282533	0.7000029114618714
808.6208061425496	0.7066789332629847
808.7498526323457	0.7134353543462649
808.8789403173585	0.7199236635314002
809.0080692173166	0.7258946748110704
809.1372393519622	0.7324563636762572
809.2664507410494	0.7392243298879181
809.3957034043452	0.7457140590783997
809.5249973616295	0.7524885306497414
809.654332632694	0.7589827213309427
809.783709237344	0.7653056306932002
809.9131271953968	0.7721390548195024
810.0425865266828	0.7790966209075144
810.1720872510448	0.7860497099395866
810.3016293883383	0.7931333872833161
810.4312129584318	0.8008622763284627
810.5608379812061	0.8090841824249178
810.6905044765551	0.8167958814574531
810.820212464385	0.8248019027680397
810.9499619646155	0.8333303858112833
811.0797529971778	0.8417648103108429
811.2095855820171	0.8510361938015917
811.3394597390909	0.8602702122934196
811.4693754883693	0.8688016727250389
811.5993328498355	0.8780856238436346
811.7293318434852	0.8873285673781662
811.8593724893271	0.8961885376793849
811.9894548073828	0.9054418176530464
812.1195788176865	0.9141931863539469
812.2497445402856	0.9230763425132938
812.3799519952399	0.9322302022011062
812.5102012026225	0.9402045010931837
812.640492182519	0.9482638560954311
812.7708249550282	0.9567363865170253
812.9011995402614	0.9640274753993288
813.0316159583432	0.9712098262500994
813.1620742294112	0.9793025391430286
813.2925743736153	0.987312311752774
813.423116411119	0.9946771204363375
813.5537003620985	1.0017437358048227
813.684326246743	1.0093525412408648
813.8149940852543	1.0171633744964534
813.9457038978478	1.024207442945472
814.0764557047514	1.031635536886457
814.2072495262062	1.0398747188486923
814.3380853824666	1.0475678230007406
814.4689632937992	1.0556320646429633
814.5998832804846	1.0647336936516987
814.7308453628157	1.0732150796341589
814.8618495610987	1.0812267081316582
814.9928958956533	1.0894235636602025
815.1239843868113	1.0975166827509597
815.2551150549189	1.106099183142037
815.3862879203338	1.1145684279214683
815.517503003428	1.122540707942954
815.6487603245868	1.1309415841832
815.7800599042073	1.138829233579135
815.9114017627012	1.1463783227996571
816.0427859204921	1.154235243059436
816.1742123980175	1.1608946744323185
816.3056812157282	1.1680180036266812
816.4371923940878	1.1766082791276986
816.5687459535729	1.1835931851393537
816.7003419146737	1.189889437808836
816.8319802978938	1.1973074343785357
816.963661123749	1.204180608403165
817.0953844127697	1.2108415300059883
817.2271501854989	1.2180673791632157
817.3589584624922	1.2252852715153504
817.4908092643198	1.2328301745848453
817.6227026115638	1.2405287565671579
817.754638524821	1.2481864781824563
817.8866170247001	1.2561222553591158
818.0186381318241	1.2640170934811747
818.150701866829	1.2720307139471387
818.2828082503639	1.2804375406298
818.4149573030918	1.2891051741062742
818.5471490456882	1.2983036212580263
818.6793834988431	1.307393867107259
818.8116606832584	1.3157539258974895
818.9439806196508	1.324988432369588
819.0763433287499	1.3351723725292566
819.2087488312982	1.344254758325382
819.3411971480523	1.3532154017330966
819.4736882997817	1.3630003963533028
819.6062223072698	1.3721414994222674
819.7387991913131	1.3815305181490505
819.8714189727218	1.3917006543085733
820.0040816723194	1.4012673434149867
820.136787310943	1.4111042766128452
820.2695359094431	1.42143682418123
820.4023274886837	1.4312623092639227
820.5351620695424	1.4415605681012973
820.66803967291	1.4523035652684049
820.8009603196914	1.4622138346166789
820.9339240308049	1.4721467555420145
821.0669308271817	1.4832366187941697
821.1999807297677	1.4946158741072437
821.3330737595211	1.5056925446270353
821.4662099374148	1.5170423780788498
821.5993892844346	1.5285262292002169
821.7326118215801	1.5401077565488204
821.865877569865	1.552183114433529
821.9991865503158	1.564288454751252
822.1325387839731	1.576569629608021
822.2659342918913	1.5895494326713147
822.3993730951382	1.6024972167241043
822.5328552147951	1.6152060142460756
822.6663806719574	1.6286386355052362
822.7999494877345	1.6425039217725306
822.9335616832483	1.6555915742446683
823.0672172796359	1.6688378569531095
823.2009162980466	1.6832915859342448
823.3346587596451	1.6976346501954196
823.4684446856082	1.7117588085856124
823.6022740971279	1.7261581950534923
823.7361470154092	1.7402375824151277
823.8700634616708	1.7549982253731296
824.0040234571459	1.7701499825119011
824.1380270230806	1.7840240026659593
824.2720741807356	1.79819749350569
824.4061649513848	1.8134924758151687
824.5402993563165	1.8282147778039404
824.6744774168327	1.8422767017795052
824.8086991542489	1.8562152046588425
824.9429645898948	1.8704547286941748
825.0772737451144	1.88530685185692
825.2116266412647	1.8994466744658802
825.3460232997173	1.9130331725542076
825.4804637418573	1.9280054227112715
825.6149479890842	1.9430333916164464
825.7494760628108	1.9567265364410504
825.8840479844645	1.9714854495235563
826.0186637754864	1.9873507774420225
826.1533234573317	2.0018440588411788
826.2880270514693	2.0161273931130257
826.4227745793821	2.0320499474875944
826.5575660625676	2.0481815012199194
826.6924015225368	2.0634716713693932
826.8272809808146	2.0792448309301452
826.9622044589408	2.0954476420940122
827.097171978468	2.1107576173586162
827.2321835609644	2.1262953939324913
827.3672392280105	2.1422652434281644
827.5023390012024	2.15727616023155
827.6374829021495	2.1724437794951337
827.7726709524758	2.187452071945659
827.907903173819	2.2013876887145636
828.0431795878311	2.2162421863967965
828.1785002161787	2.231306531351809
828.3138650805415	2.2452199300449016
828.4492742026147	2.259020624067046
828.5847276041063	2.272188432760016
828.7202253067397	2.285110523039846
828.8557673322522	2.2983784549323394
828.9913537023946	2.3109591038569026
829.1269844389329	2.324072018642827
829.2626595636468	2.337649201137065
829.3983790983306	2.3498421297294345
829.5341430647921	2.362184501606471
829.6699514848544	2.3754653560116483
829.8058043803546	2.388127183812377
829.9417017731434	2.4007371594968943
830.077643685087	2.4144747852657913
830.2136301380646	2.428682091266905
830.3496611539709	2.442363581163794
830.4857367547144	2.4557268716768528
830.6218569622177	2.469202922847411
830.7580217984188	2.4823560550207957
830.8942312852688	2.4958293513180085
831.0304854447342	2.5100709223336914
831.166784298795	2.5231574826893235
831.3031278694469	2.535763234704984
831.4395161786986	2.5496238166292176
831.5759492485741	2.561598225156249
831.712427101112	2.571436932853228
831.8489497583645	2.5834483877696033
831.9855172423995	2.5961154239684228
832.122129575298	2.606551727131954
832.2587867791567	2.6167318951512697
832.3954888760862	2.627136708162693
832.5322358882116	2.637103337798419
832.6690278376733	2.647242874343475
832.805864746625	2.65669403818531
832.9427466372362	2.666187445106887
833.0796735316899	2.677158304917408
833.2166454521846	2.6869924645048617
833.3536624209327	2.6956207574432773
833.4907244601615	2.706538944404759
833.6278315921135	2.7182084950722984
833.7649838390446	2.7285021151634394
833.9021812232264	2.73940870273727
834.0394237669447	2.7507520403676775
834.1767114925	2.761210601942084
834.3140444222079	2.771889215831307
834.4514225783977	2.7835187589807706
834.5888459834147	2.7954956105880227
834.7263146596177	2.80645272535354
834.8638286293813	2.816557379555233
835.0013879150943	2.8278221988290198
835.13899253916	2.838957044167277
835.2766425239971	2.8481650309633424
835.4143378920386	2.8575168350971754
835.5520786657327	2.8674529159752704
835.6898648675417	2.8767299171983116
835.8276965199435	2.885951254545325
835.9655736454307	2.8951893404500915
836.1034962665103	2.903961633032733
836.2414644057046	2.912412158449348
836.3794780855503	2.9209623882815277
836.5175373285997	2.929498856158991
836.6556421574193	2.937281511414159
836.7937925945907	2.945432639047143
836.9319886627108	2.9545874878014864
837.0702303843907	2.9632637430282482
837.2085177822571	2.971969706502676
837.3468508789514	2.9811797343707696
837.48522969713	2.9898660837451376
837.6236542594643	2.998190657242433
837.7621245886404	3.0066618573764505
837.90064070736	3.0161469026060495
838.0392026383392	3.0261112661138223
838.1778104043096	3.0345502702160534
838.3164640280175	3.0428962529441534
838.4551635322244	3.0528996344617583
838.593908939707	3.062715976537479
838.7327002732569	3.071185042858882
838.8715375556807	3.0795121077455
839.0104208098003	3.088321082029186
839.1493500584528	3.0969983847282987
839.28832532449	3.105840293308945
839.4273466307792	3.1140690374175
839.5664140002029	3.120250229879362
839.7055274556587	3.1276290054316567
839.8446870200592	3.1368152122602533
839.9838927163321	3.143102151583374
840.1231445674208	3.148522456020666
840.2624425962836	3.1559976698700956
840.4017868258941	3.1622101197498815
840.5411772792409	3.167992305789805
840.6806139793282	3.175506055566028
840.8200969491752	3.1822943054495267
840.9596262118166	3.1881968300883616
841.0992017903023	3.1944161099753576
841.2388237076976	3.200291643182258
841.3784919870828	3.206521128969909
841.5182066515539	3.213378537328046
841.6579677242221	3.2190284430742175
841.7977752282138	3.223859903754291
841.9376291866708	3.2300715743013257
842.0775296227508	3.2365118087509748
842.2174765596264	3.2414168553300793
842.3574700204856	3.2466927105099237
842.4975100285317	3.2530088927396856
842.637596606984	3.2586395136333945
842.7777297790768	3.2639316141160126
842.9179095680597	3.269158370455411
843.0581359971984	3.2736064682528268
843.1984090897735	3.2781805456850788
843.3387288690815	3.2831492795928003
843.4790953584339	3.287847427014358
843.6195085811582	3.292624492168102
843.7599685605975	3.29706169023785
843.9004753201098	3.3003392768622635
844.0410288830693	3.303254261961176
844.1816292728656	3.3067712356013157
844.3222765129038	3.310076667174759
844.4629706266047	3.3120644499754883
844.6037116374047	3.3141192034672557
844.7444995687555	3.31724584548418
844.8853344441251	3.319525260069897
845.0262162869966	3.320867408535652
845.167145120869	3.322466586873639
845.3081209692568	3.323317685204709
845.4491438556904	3.3241691829350173
845.5902138037159	3.326183952934839
845.7313308368948	3.3273334679985287
845.872494978805	3.3277917827250882
846.0137062530393	3.3292082330154935
846.1549646832069	3.3299386955750583
846.2962702929325	3.3301765168908033
846.4376231058565	3.3318863321825996
846.5790231456351	3.3332615219831205
846.720470435941	3.3336710746349523
846.8619650004617	3.3350289700982425
847.0035068629011	3.3364551524913986
847.1450960469789	3.3376021759025662
847.2867325764305	3.3390506856807507
847.4284164750073	3.339218897669689
847.5701477664766	3.3391641934628242
847.7119264746217	3.340074891048721
847.8537526232415	3.3397222180448605
847.9956262361511	3.3391286940064813
848.1375473371814	3.338915203936259
848.2795159501794	3.336629507292557
848.4215320990081	3.334609661459862
848.5635958075462	3.33394459814256
848.7057070996885	3.331483470595378
848.8478659993461	3.3284336298327024
848.9900725304458	3.3258651807743647
849.1323267169305	3.322892806776981
849.2746285827591	3.320648956422106
849.4169781519068	3.3177520268729204
849.5593754483647	3.3136546843699763
849.70182049614	3.3108876173981945
849.8443133192561	3.308427422008558
849.9868539417524	3.3052865959633273
850.1294423876844	3.302908381927489
850.2720786811237	3.3007003095187595
850.4147628461585	3.2979789767212093
850.5574949068927	3.295448038381607
850.7002748874464	3.2935033997881695
850.8431028119562	3.2917508876647883
850.9859787045746	3.2894552214564414
851.1289025894705	3.287176006107906
851.271874490829	3.285560077900143
851.4148944328516	3.2836714121106416
851.5579624397557	3.2808868936883977
851.7010785357754	3.277797121556988
851.8442427451608	3.2750478534902654
851.9874550921784	3.2720293363398474
852.1307156011111	3.2679339403802365
852.2740242962581	3.2636195262499808
852.4173812019346	3.2593302696878323
852.5607863424729	3.254320708987609
852.7042397422209	3.249360631003619
852.8477414255435	3.2446850595158856
852.9912914168216	3.2394194068830755
853.1348897404529	3.2341888923673814
853.2785364208507	3.2293717997873066
853.422231482446	3.2239510853043547
853.5659749496854	3.218300645817868
853.7097668470321	3.2136692293139344
853.8536071989658	3.2094434540326584
853.9974960299828	3.2045695195294845
854.1414333645961	3.1995811714245437
854.2854192273347	3.195301260440286
854.4294536427446	3.191636079333739
854.5735366353882	3.1878368147797134
854.7176682298444	3.183932238730656
854.8618484507089	3.1806283314350567
855.0060773225936	3.177322418965207
855.1503548701276	3.173949081016809
855.2946811179561	3.170941340072442
855.4390560907411	3.1669266366553446
855.5834798131616	3.1626318216180835
855.7279523099126	3.159499789526763
855.8724736057063	3.1558054744048367
856.0170437252714	3.1517977864352753
856.1616626933535	3.1480967021780213
856.3063305347144	3.1429000625492263
856.4510472741335	3.137580988248844
856.5958129364063	3.1333275231275417
856.740627546345	3.1286904617837052
856.8854911287793	3.1243599271030575
857.0304037085547	3.1200956570885823
857.1753653105343	3.115064870473806
857.3203759595978	3.1106619537485756
857.4654356806415	3.1062345553182684
857.610544498579	3.10136665931609
857.7557024383401	3.0976860381053912
857.9009095248723	3.0947024944062886
858.0461657831394	3.091995956112893
858.1914712381223	3.0896163707853344
858.3368259148191	3.0866656335545226
858.482229838244	3.084100174587263
858.6276830334293	3.0825101223651146
858.7731855254232	3.0807875387561574
858.9187373392917	3.0793304107770916
859.0643385001174	3.0786940752947274
859.2099890329997	3.0783589052848086
859.3556889630557	3.0781572041935665
859.501438315419	3.0778796116190366
859.6472371152402	3.0774422320343695
859.7930853876873	3.077681637425479
859.9389831579451	3.0786464711219583
860.0849304512159	3.0790935129201262
860.2309272927188	3.0796293617059667
860.3769737076899	3.0814578411071047
860.5230697213827	3.083016253751255
860.6692153590678	3.0838927494526645
860.8154106460329	3.0857827361076238
860.961655607583	3.088259162512164
861.1079502690402	3.09099180925169
861.2542946557437	3.094882293608724
861.4006887930502	3.0992336185956746
861.5471327063335	3.1035721337644278
861.6936264209849	3.108596768955998
861.8401699624121	3.114234647785806
861.9867633560414	3.1201417401840663
862.1334066273155	3.1266822978131064
862.2800998016944	3.1344009081155177
862.4268429046562	3.1429610328639086
862.5736359616952	3.151968960080819
862.7204789983243	3.1621926677243954
862.8673720400726	3.1735098611624943
863.0143151124876	3.1848223040661714
863.1613082411335	3.1968270586816736
863.3083514515923	3.210569010957334
863.4554447694633	3.2253437682305677
863.602588220363	3.240493234324241
863.7497818299261	3.2561868418310955
863.897025623804	3.2728938311278033
864.0443196276659	3.2912938422354125
864.1916638671987	3.3109369590477695
864.3390583681065	3.3311496181385456
864.486503156111	3.3524280460916707
864.6339982569516	3.374266010082899
864.7815436963853	3.3966980030632414
864.9291395001864	3.4212661258178536
865.076785694147	3.447127122869996
865.224482304077	3.4734833472727047
865.3722293558035	3.501201943423721
865.5200268751717	3.5300339435598893
865.6678748880437	3.5605810760471406
865.8157734203005	3.593072881216591
865.9637224978396	3.626553573827975
866.1117221465771	3.6613504403414723
866.2597723924459	3.6969465410956364
866.4078732613976	3.7343156380669202
866.556024779401	3.77503031596147
866.7042269724425	3.81648486858016
866.8524798665268	3.8590562595368065
867.0007834876761	3.905043290968054
867.1491378619305	3.9522577822878975
867.2975430153479	4.000874616923545
867.4459989740036	4.052501184640171
867.5945057639918	4.10624094570417
867.7430634114235	4.162364121851531
867.8916719424283	4.220538392541452
868.0403313831533	4.280677754501253
868.1890417597638	4.343811354670715
868.3378030984426	4.408778883055847
868.4866154253909	4.47580938004644
868.6354787668278	4.5463572522776845
868.7843931489903	4.619405531993052
868.9333585981332	4.693892878629688
869.0823751405295	4.769815944167396
869.2314428024704	4.848128740966794
869.3805616102647	4.929594006808375
869.5297315902397	5.014221444058372
869.6789527687405	5.102616076295983
869.8282251721305	5.193258026204124
869.9775488267909	5.28538604534812
870.1269237591213	5.381533608255586
870.2763499955392	5.480497021804784
870.4258275624805	5.581633603562606
870.5753564863991	5.688215968891294
870.724936793767	5.798417049118444
870.8745685110748	5.910561987974891
871.024251664831	6.027269729242304
871.173986281562	6.147737133648899
871.323772387813	6.271826348431487
871.4736100101476	6.400647819659749
871.6234991751468	6.532538657339112
871.7734399094107	6.669436699792581
871.9234322395574	6.81184027052521
872.0734761922234	6.956266896516157
872.2235717940634	7.106133096220332
872.3737190717505	7.262387189180637
872.5239180519767	7.419758213528444
872.6741687614511	7.5817481319639075
872.8244712269026	7.750959364769721
872.9748254750776	7.922961885380804
873.1252315327416	8.099514087063724
873.275689426678	8.282065189584133
873.4261991836887	8.468730375930836
873.5767608305945	8.66067578510785
873.7273743942344	8.856134687564682
873.8780399014659	9.055402958653742
874.0287573791651	9.26200170264539
874.1795268542267	9.472811793046246
874.3303483535637	9.68812717539557
874.481221904108	9.912212453846374
874.63214753281	10.140872360281323
874.7831252666386	10.372866620073182
874.9341551325815	10.614064530036085
875.0852371576448	10.862460922340222
875.2363713688535	11.11368763246166
875.3875577932511	11.372501939429151
875.5387964578997	11.641043922281506
875.6900873898805	11.914363943745187
875.8414306162931	12.194288491047786
875.9928261642559	12.483841790327215
876.1442740609061	12.779138801763391
876.2957743333997	13.081739695747455
876.4473270089112	13.393504079866577
876.5989321146343	13.709784541737346
876.7505896777814	14.033291275093553
876.9022997255836	14.367716624463132
877.0540622852908	14.709154238990724
877.2058773841721	15.057226866819024
877.3577450495152	15.412219407760483
877.5096653086271	15.772519203442641
877.6616381888326	16.141494012196762
877.8136637174771	16.520564027090256
877.9657419219236	16.90744776305231
878.1178728295547	17.30281242665697
878.2700564677717	17.70574336468436
878.4222928639952	18.114805924183656
878.5745820456647	18.53364640812992
878.7269240402385	18.963136707033385
878.8793188751941	19.400961201718484
879.0317665780283	19.848609081991913
879.1842671762566	20.30592916549962
879.3368206974138	20.77247516530632
879.4894271690538	21.250821783722
879.6420866187497	21.740203014078766
879.7947990740934	22.240009827587134
879.9475645626965	22.74904220102571
880.1003831121894	23.266261799983262
880.2532547502218	23.798281103008247
880.4061795044628	24.34263630051912
880.5591574026001	24.892028403562243
880.7121884723415	25.454579150895942
880.8652727414136	26.031643816725094
881.0184102375622	26.617722580175364
881.1716009885528	27.216907409009416
881.3248450221696	27.82523140250937
881.4781423662167	28.44055769787404
881.6314930485172	29.072027627687802
881.7848970969139	29.717414074616688
881.9383545392687	30.370771566967854
882.091865403463	31.03530330815487
882.2454297173974	31.714972393014527
882.3990475089923	32.4086662736705
882.5527188061876	33.11138203722651
882.7064436369419	33.82455607259941
882.8602220292343	34.55229671005528
883.0140540110626	35.293576450990436
883.1679396104447	36.049000286064235
883.3218788554177	36.81713740916774
883.4758717740382	37.5972190284924
883.6299183943827	38.3936553639856
883.7840187445469	39.20609108883663
883.9381728526464	40.03390553084196
884.0923807468164	40.87615743801272
884.2466424552115	41.72877953335196
884.4009580060059	42.59632716676761
884.555327427394	43.48286315150565
884.7097507475895	44.38425337073155
884.8642279948257	45.29970336600812
885.018759197356	46.230880450635524
885.1733443834531	47.17868188918754
885.32798358141	48.14321928345972
885.4826768195387	49.12303193802284
885.6374241261717	50.11728324277367
885.7922255296612	51.12678667512711
885.9470810583789	52.15544988393848
886.1019907407165	53.203234902178636
886.2569546050856	54.26571178439528
886.4119726799178	55.3453033935487
886.5670449936644	56.443073050446365
886.7221715747963	57.55638130020926
886.8773524518053	58.68943248563762
887.0325876532022	59.84327673121775
887.1878772075183	61.011938108387234
887.3432211433046	62.195273372352084
887.498619489132	63.40097785611839
887.6540722735922	64.63117693385809
887.8095795252957	65.87740108093439
887.965141272874	67.1390371961144
888.1207575449783	68.4215973073527
888.2764283702802	69.72241988358147
888.432153777471	71.04481038266438
888.587933795262	72.3911830352151
888.7437684523853	73.75308328375834
888.8996577775929	75.13488103815443
889.0556017996565	76.54226945102168
889.2116005473687	77.96863710922379
889.3676540495417	79.4183033427742
889.5237623350084	80.89499738145844
889.6799254326215	82.39105362525358
889.8361433712546	83.90750114878026
889.9924161798009	85.44828430620161
890.1487438871743	87.01480672719808
890.3051265223089	88.60834529900613
890.4615641141593	90.22508374871161
890.6180566917001	91.86745716779205
890.7746042839264	93.53713708669157
890.931206919854	95.22745171903328
891.0878646285189	96.94276261647632
891.2445774389774	98.68738991162085
891.4013453803065	100.4573165379948
891.558168481603	102.25256850758362
891.7150467719854	104.07071402401957
891.8719802805915	105.91597968466068
892.0289690365803	107.79609638088424
892.1860130691311	109.70058547403036
892.3431124074439	111.62276127001157
892.5002670807388	113.57294905600975
892.6574771182572	115.55625408055036
892.8147425492607	117.56893555367701
892.9720634030316	119.60982986166542
893.1294397088726	121.67954027521915
893.2868714961076	123.7767507545987
893.4443587940806	125.90777771012208
893.6019016321567	128.07705694947862
893.7595000397214	130.27452693441066
893.9171540461814	132.50145136855807
894.0748636809637	134.7686928787679
894.2326289735162	137.071535282093
894.3904499533077	139.40511970451107
894.5483266498276	141.7749837540606
894.7062590925865	144.1832283672497
894.8642473111153	146.62615578808635
895.0222913349661	149.1049870350361
895.1803911937121	151.62381731395436
895.338546916947	154.17845011072362
895.4967585342855	156.76821499171282
895.6550260753634	159.39706796007178
895.8133495698372	162.06095125757116
895.9717290473844	164.7599992786907
896.1301645377041	167.4993955397903
896.2886560705155	170.2805946335714
896.4472036755594	173.09919781403053
896.6058073825975	175.94873578298308
896.7644672214125	178.8393688423215
896.9231832218084	181.77947806406365
897.0819554136099	184.75888432214288
897.2407838266632	187.77581668635628
897.3996684908358	190.83476645827648
897.5586094360156	193.93864557616243
897.7176066921123	197.08806262230004
897.8766602890569	200.28336769029153
898.0357702568012	203.53447804782493
898.1949366253182	206.8293301125438
898.3541594246027	210.16037277947365
898.5134386846702	213.553440403132
898.6727744355578	216.99795519234078
898.8321667073237	220.48301294377802
898.9916155300477	224.02411625169177
899.1511209338308	227.60408329099175
899.3106829487955	231.2380911783915
899.4703016050853	234.94485191116263
899.6299769328655	238.68391598507853
899.7897089623226	242.46677046692312
899.9494977236646	246.31865256176349
900.109343247121	250.21390434562144
900.269245562943	254.16118098927157
900.4292047014029	258.17059369319577
900.5892206927947	262.22943506851163
900.7492935674338	266.3477953081936
900.9094233556575	270.5246512039914
901.0696100878243	274.7475776769214
901.2298537943145	279.020301466969
901.39015450553	283.3568039699871
901.5505122518942	287.763034196546
901.7109270638525	292.2232822435354
901.8713989718716	296.73569336429915
902.03192800644	301.3157682658637
902.1925141980679	305.96148914643385
902.3531575772872	310.6627155017784
902.5138581746518	315.41623471831116
902.6746160207372	320.2346165197433
902.8354311461404	325.1275815318228
902.9963035814807	330.083589529896
903.157233357399	335.100791134228
903.3182205045581	340.1763664547854
903.4792650536423	345.3031116473234
903.6403670353585	350.50788086086527
903.801526480435	355.8000740899826
903.9627434196219	361.1454437492929
904.1240178836919	366.54529146826275
904.2853499034386	372.02393256303674
904.446739509679	377.5673338221921
904.6081867332509	383.1676002035472
904.7696916050147	388.8465486505857
904.9312541558526	394.60489270810496
905.092874416669	400.42689163253294
905.2545524183903	406.3174721421736
905.4162881919648	412.28748725655504
905.5780817683637	418.3303052979555
905.7399331785796	424.437649718832
905.9018424536273	430.6130669342763
906.0638096245442	436.86079398428643
906.2258347223894	443.1839327421143
906.3879177782446	449.58016524525107
906.5500588232135	456.0480324274241
906.7122578884223	462.59611236170423
906.8745150050192	469.2098909151926
907.0368302041751	475.8762661962387
907.1992035170829	482.61784849004476
907.3616349749577	489.4375409309766
907.5241246090372	496.3329248384453
907.6866724505817	503.3066374147668
907.8492785308734	510.3335489358898
908.0119428812175	517.4327297617588
908.1746655329409	524.6226680588727
908.3374465173936	531.8653918548079
908.5002858659477	539.1899028617798
908.6631836099982	546.6183988436557
908.8261397809622	554.0965267550772
908.9891544102795	561.6425096901078
909.1522275294126	569.2878374386464
909.3153591698464	577.0044297871511
909.4785493630883	584.7903638466856
909.6417981406686	592.6487363477845
909.8051055341402	600.5897894731261
909.9684715750785	608.6221208873391
910.1318962950819	616.7133430865648
910.2953797257709	624.8735074449382
910.4589218987893	633.1261879562207
910.6225228458035	641.4429346905229
910.7861825985023	649.8211934878867
910.9499011885978	658.2770258958833
911.1136786478248	666.7995559784586
911.2775150079408	675.3837334949528
911.4414103007259	684.0398746630864
911.6053645579836	692.7670661698813
911.76937781154	701.5514925834848
911.933450093244	710.3991586197019
912.0975814349678	719.3146117842102
912.2617718686059	728.288943522194
912.4260214260767	737.3356454693443
912.5903301393206	746.4519205037386
912.7546980403018	755.6247588236718
912.919125161007	764.8660532951853
913.0836115334463	774.172412141569
913.2481571896527	783.5500308127123
913.4127621616824	793.0045124204032
913.5774264816146	802.5070641141698
913.7421501815517	812.0666267562295
913.9069332936192	821.7072301705857
914.0717758499659	831.4196469929307
914.2366778827636	841.1935585290947
914.4016394242076	851.0140011102872
914.5666605065162	860.8888429818038
914.731741161931	870.8357730982807
914.8968814227171	880.8323679728986
915.0620813211625	890.867593273173
915.227340889579	900.9525782141976
915.3926601603014	911.092064842663
915.5580391656879	921.2813487382565
915.7234779381203	931.5039403421163
915.8889765100034	941.7733019333812
916.054534913766	952.0998511477496
916.2201531818599	962.4510225791167
916.3858313467606	972.8198030850565
916.551569440967	983.2284573980397
916.7173674970015	993.6943009076726
916.8832255474101	1004.2009638160641
917.0491436247622	1014.7156984133621
917.2151217616511	1025.276025792593
917.3811599906933	1035.8947918805818
917.5472583445294	1046.5146710291401
917.7134168558231	1057.159069471662
917.8796355572623	1067.8528383440391
918.0459144815582	1078.5550364124686
918.2122536614456	1089.2768328377483
918.3786531296837	1100.0300882453391
918.5451129190546	1110.8021068229352
918.7116330623649	1121.6029884509696
918.8782135924446	1132.417755147201
919.0448545421474	1143.2367672268788
919.2115559443512	1154.0656037044002
919.3783178319576	1164.893542265732
919.545140237892	1175.7303835603052
919.7120231951037	1186.5704653818368
919.8789667365663	1197.40497157287
920.0459708952767	1208.2591295944644
920.2130357042563	1219.1097391383378
920.3801611965501	1229.9397736519554
920.5473474052275	1240.7721940971492
920.7145943633816	1251.5639276795778
920.88190210413	1262.3199012979344
921.0492706606135	1273.1083254648179
921.2167000659981	1283.8820403615991
921.3841903534731	1294.6124513331315
921.5517415562523	1305.3412594905947
921.7193537075735	1316.0198184067046
921.887026840699	1326.647344747182
922.054760988915	1337.2822301268106
922.2225561855319	1347.8646107759355
922.3904124638844	1358.375392437433
922.558329857332	1368.8733884315898
922.7263083992574	1379.3251608140451
922.8943481230685	1389.711966826591
923.0624490621975	1400.05911732972
923.2306112501005	1410.3326206904364
923.3988347202585	1420.5420347954598
923.5671195061764	1430.7201611634823
923.7354656413838	1440.8180117604743
923.9038731594351	1450.8298405481548
924.0723420939081	1460.7974166226397
924.2408724784063	1470.6985753628278
924.4094643465572	1480.51045568497
924.5781177320126	1490.2333296325119
924.7468326684495	1499.890314669709
924.9156091895688	1509.5106509381012
925.0844473290964	1519.0254172650732
925.2533471207826	1528.405653408425
925.4223085984028	1537.7230289017766
925.5913317957566	1546.945808312807
925.7604167466683	1556.0525346943318
925.9295634849873	1565.0831832200313
926.0987720445875	1573.978242762485
926.2680424593676	1582.742118911969
926.4373747632511	1591.4220492808042
926.6067689901863	1599.9466951774903
926.7762251741462	1608.3210149580145
926.945743349129	1616.59329027813
927.1153235491574	1624.707638628055
927.284965808279	1632.658757933405
927.454670160567	1640.4810490021964
927.6244366401187	1648.1491683285478
927.7942652810567	1655.6515099098553
927.9641561175288	1662.9917550833318
928.1341091837073	1670.169640136452
928.30412451379	1677.2012132005134
928.4742021419996	1684.0722739573762
928.6443421025841	1690.7607690407742
928.8145444298164	1697.2864968529866
928.9848091579942	1703.6484864056883
929.155136321441	1709.829907423584
929.325525954505	1715.8413119654508
929.49597809156	1721.680304363065
929.6664927670043	1727.3442685176185
929.8370700152626	1732.8192019999738
930.007709870784	1738.072147291393
930.1784123680428	1743.1324391721892
930.3491775415392	1748.0183383320068
930.5200054257984	1752.6837163030814
930.6908960553711	1757.130588474313
930.861849464833	1761.3769131393408
931.0328656887858	1765.3890340645212
931.2039447618565	1769.1441253758824
931.375086718697	1772.6765171371762
931.5462915939854	1776.0042166514288
931.7175594224248	1779.0629420990379
931.888890238744	1781.8527015220532
932.0602840776976	1784.4366792803148
932.2317409740652	1786.7608836162904
932.4032609626527	1788.7976255027452
932.5748440782908	1790.6035336151344
932.7464903558368	1792.157949004876
932.9181998301727	1793.4510512113766
933.0899725362069	1794.501275351858
933.2618085088733	1795.2839080105794
933.4337077831316	1795.8015079297645
933.6056703939668	1796.056353129448
933.7776963763903	1796.0533995154265
933.9497857654391	1795.8122393535525
934.1219385961756	1795.2949403975283
934.294154903689	1794.4924320710288
934.4664347230936	1793.443309091116
934.6387780895299	1792.1327015999589
934.8111850381641	1790.532481570508
934.9836556041888	1788.64288376535
935.1561898228218	1786.4823317648415
935.3287877293078	1784.0483355758279
935.5014493589173	1781.3084545485226
935.6741747469462	1778.277984236569
935.8469639287171	1774.9659984783195
936.0198169395786	1771.3388542007608
936.1927338149054	1767.4117207233567
936.3657145900982	1763.1915616011827
936.5387593005838	1758.6624590497386
936.7118679818159	1753.8501175652848
936.8850406692735	1748.7348596584386
937.0582773984622	1743.2829028299934
937.231578204914	1737.545234602157
937.4049431241871	1731.5346549534063
937.5783721918657	1725.1985894104746
937.7518654435611	1718.5595759133628
937.9254229149102	1711.6439978159244
938.0990446415767	1704.40614998314
938.2727306592506	1696.8721017891373
938.446481003648	1689.0865536917358
938.6202957105123	1680.9873147613346
938.7941748156127	1672.563574345959
938.9681183547449	1663.8739789632234
939.1421263637316	1654.9079814046563
939.3161988784215	1645.6466641634609
939.4903359346904	1636.1018440334085
939.6645375684404	1626.271568586812
939.8388038156002	1616.1521167297665
940.0131347121254	1605.75530411893
940.1875302939982	1595.0940860451444
940.3619905972272	1584.1464707074713
940.5365156578482	1572.9051320609128
940.7111055119235	1561.4088335951196
940.8857601955422	1549.656051260158
941.0604797448202	1537.6252374260746
941.2352641959004	1525.33094248006
941.4101135849522	1512.7899021199787
941.5850279481724	1500.007540687283
941.7600073217841	1486.9734260614598
941.9350517420378	1473.6810750657303
942.1101612452109	1460.1448023123203
942.2853358676073	1446.3776539796447
942.4605756455586	1432.3827655579491
942.6358806154233	1418.1569150453774
942.8112508135862	1403.7218807747856
942.9866862764602	1389.0800977552078
943.1621870404848	1374.1986323182084
943.3377531421263	1359.1246463993812
943.5133846178791	1343.8873625833896
943.689081504264	1328.434636608114
943.8648438378292	1312.8054338341615
944.0406716551503	1297.0282336412433
944.21656499283	1281.05298944278
944.3925238874979	1264.9233225737912
944.5685483758119	1248.6822693219942
944.7446384944566	1232.2952440124836
944.9207942801437	1215.7636573402153
945.097015769613	1199.1072626179298
945.273302999631	1182.3438000191513
945.4496560069921	1165.485898625208
945.6260748285177	1148.522813925188
945.8025595010577	1131.4702132819482
945.9791100614882	1114.3446146533784
946.1557265467138	1097.1365122636096
946.3324089936661	1079.8573069620343
946.5091574393048	1062.5175659195672
946.6859719206167	1045.1193404414528
946.8628524746165	1027.6825101567717
947.0397991383467	1010.2142956587053
947.2168119488772	992.7038958905804
947.3938909433059	975.1572126388043
947.5710361587581	957.6047547065425
947.7482476323873	940.0602863066753
947.9255254013746	922.5008225910653
948.1028695029286	904.939301871873
948.2802799742864	887.4173557556106
948.4577568527124	869.920887095607
948.6353001754992	852.4471754208438
948.8129099799675	835.038063709783
948.9905863034653	817.6932105130517
949.1683291833692	800.4143876690838
949.3461386570838	783.2336353302255
949.5240147620411	766.1448780275666
949.7019575357021	749.1501285897988
949.8799670155552	732.2816321417044
950.0580432391168	715.54383423996
950.236186243932	698.936503351729
950.414396067574	682.4688667058294
950.5926727476436	666.1510551239285
950.7710163217705	650.0071056032026
950.9494268276122	634.0358713412922
951.1279043028547	618.2263276671619
951.3064487852122	602.6077704386582
951.4850603124271	587.1894863684066
951.6637389222706	571.9561854982138
951.8424846525418	556.9259944391092
952.0212975410684	542.1118662653997
952.2001776257064	527.5185178598014
952.3791249443406	513.1622057418556
952.5581395348839	499.03772285958917
952.7372214352778	485.1525208813609
952.9163706834925	471.5306486002168
953.0955873175267	458.1684611469723
953.2748713754077	445.07288586168727
953.4542228951912	432.2634312042744
953.6336419149618	419.7431217253432
953.8131284728327	407.5200197875251
953.9926826069457	395.60324345277564
954.1723043554716	384.00569224601156
954.3519937566095	372.74215792467817
954.531750848588	361.80691715502593
954.7115756696637	351.20837479511613
954.8914682581224	340.9675104706964
955.0714286522788	331.07714866845873
955.2514568904764	321.538396140519
955.4315530110879	312.37156936632067
955.6117170525145	303.5741529245669
955.7919490531864	295.14067301766033
955.9722490515632	287.0835684139613
956.1526170861333	279.40584122096675
956.3330531954141	272.1046985262351
956.5135574179521	265.1873851004659
956.6941297923231	258.6569612584455
956.8747703571316	252.51025652046727
957.0554791510117	246.74862028577627
957.2362562126266	241.37577059883472
957.4171015806683	236.39068635397365
957.5980152938587	231.7930178154301
957.7789973909486	227.592668170066
957.9600479107181	223.7891499801345
958.1411668919767	220.37008885630772
958.3223543735634	217.34732928245143
958.5036103943461	214.73319758064738
958.6849349932228	212.51295552105503
958.8663282091202	210.68539678555965
959.0477900809951	209.2631486068808
959.2293206478336	208.24203724916867
959.4109199486512	207.6160832930179
959.5925880224928	207.3877706618416
959.7743249084334	207.55738909349105
959.956130645577	208.12311276784692
960.1380052730578	209.08396751192578
960.3199488300393	210.43316540503133
960.5019613557147	212.1600240821699
960.6840428893072	214.2649469330198
960.8661934700692	216.74825694120557
961.0484131372837	219.59854039503884
961.2307019302627	222.80983108224925
961.4130598883485	226.37545727326872
961.5954870509133	230.28658514841814
961.7779834573586	234.54645127903473
961.9605491471165	239.14139204060282
962.1431841596487	244.04845142460016
962.325888534447	249.27642110677115
962.5086623110334	254.82676627338154
962.6915055289593	260.67713570675244
962.8744182278066	266.82248279280475
963.0574004471874	273.25727459804534
963.2404522267436	279.9691725727084
963.4235736061474	286.96118870544194
963.6067646251016	294.2247750778253
963.790025323338	301.7458052542639
963.9733557406203	309.52622288481
964.1567559167407	317.55226222415536
964.3402258915231	325.80868093587117
964.5237657048209	334.3029996477011
964.7073753965184	343.0198312188282
964.8910550065297	351.9340080276692
965.0748045747999	361.0541374568913
965.2586241413039	370.37330461833085
965.4425137460477	379.8619454331676
965.6264734290672	389.5147416492823
965.8105032304294	399.32375086065224
965.9946031902313	409.2745276843981
966.178773348601	419.3591422498758
966.3630137456967	429.54929204089717
966.5473244217076	439.83263138013604
966.7317054168534	450.2145324169861
966.9161567713846	460.6662404182804
967.1006785255822	471.1724865246061
967.2852707197586	481.74023285630597
967.4699333942559	492.3394811848219
967.6546665894479	502.94826106506076
967.8394703457391	513.5842542125064
968.0243447035643	524.237122133012
968.2092897033899	534.8714384340459
968.3943053857133	545.4886067509665
968.5793917910619	556.0921735968168
968.7645489599953	566.657593802704
968.9497769331031	577.1810097435632
969.1350757510063	587.664385734203
969.3204454543577	598.0947170201093
969.5058860838398	608.4657399167
969.6913976801675	618.7595671611313
969.8769802840864	628.9671265482635
970.0626339363728	639.0941842261714
970.2483586778353	649.1217389430919
970.4341545493128	659.0395033112277
970.6200215916759	668.8462494274248
970.8059598458264	678.5263792114898
970.9919693526979	688.0733292233225
971.1780501532544	697.468865599117
971.3642022884925	706.6982561643699
971.5504257994393	715.7685300945225
971.7367207271536	724.6592604669376
971.9230871127259	733.3496783746607
972.1095249972782	741.8476269797717
972.2960344219641	750.1448706162006
972.4826154279687	758.2191124886064
972.6692680565083	766.0691855713133
972.8559923488315	773.7038024722674
973.0427883462186	781.1004426798452
973.2296560899808	788.239916980447
973.416595621462	795.1474515212639
973.6036069820374	801.8161140823108
973.7906902131137	808.2119123048179
973.9778453561303	814.354263931675
974.1650724525578	820.2534969447157
974.3523715438984	825.881117773655
974.5397426716871	831.2413754769385
974.7271858774903	836.3499829165366
974.9147012029066	841.1907491803584
975.1022886895665	845.7463611229756
975.2899483791325	850.0238044617124
975.4776803132994	854.0318319244948
975.6654845337938	857.753335362172
975.8533610823746	861.1765390416118
976.041310000833	864.3178943342116
976.2293313309922	867.1744410119517
976.4174251147076	869.7186649135857
976.6055913938671	871.9380863041674
976.7938302103906	873.8397731256439
976.9821416062308	875.4351272942911
977.1705256233722	876.7086110722231
977.358982303832	877.6382331836251
977.5475116896599	878.2322191465189
977.7361138229378	878.4799792359102
977.92478874578	878.3686698535726
978.1135365003337	877.9124675790855
978.3023571287785	877.0914189305133
978.4912506733262	875.8983884693864
978.680217176222	874.3516730006093
978.869256679743	872.4271744725775
979.0583692261995	870.1304294001383
979.2475548579339	867.4806393729706
979.4368136173216	864.4551664634619
979.6261455467715	861.0653051396812
979.815550688724	857.3120158671051
980.0050290856531	853.179053867127
980.1945807800658	848.6957936077208
980.3842058145016	843.8582102734721
980.5739042315329	838.6571037339663
980.763676073765	833.1134020143783
980.9535213838373	827.2142603877883
981.1434402044205	820.9729490732394
981.3334325782193	814.403544058842
981.5234985479718	807.4824060439286
981.7136381564483	800.2348718247653
981.9038514464526	792.670090813553
982.0941384608224	784.7676583667799
982.2844992424275	776.5574260536055
982.4749338341716	768.0453695051455
982.6654422789916	759.2210138434104
982.8560246198577	750.1006260820385
983.0466808997734	740.6855916527945
983.2374111617751	730.9976098397381
983.4282154489335	721.0514897495332
983.6190938043526	710.8310558363535
983.810046271169	700.3633059199072
984.0010728925535	689.6739219515235
984.1921737117104	678.7676889114178
984.3833487718776	667.6698341257256
984.5745981163262	656.3882084681919
984.7659217883615	644.9474632641276
984.9573198313221	633.3850798957673
985.1487922885806	621.6978950537844
985.3403392035427	609.914034414453
985.5319606196484	598.069790651369
985.7236565803715	586.1687048357373
985.9154271292197	574.2541701686697
986.107272309734	562.3518834958445
986.2991921654899	550.4551068811684
986.4911867400965	538.6064794759208
986.6832560771969	526.8348352363732
986.8754002204687	515.1434761739534
987.0676192136224	503.56098345251735
987.2599131004039	492.10140936884494
987.4522819245921	480.7783100214932
987.6447257300007	469.6163790173171
987.8372445604773	458.6177009376949
988.0298384599039	447.79864136009166
988.2225074721961	437.18908756875896
988.4152516413046	426.7845710984211
988.608071011214	416.5843689989784
988.8009656259431	406.62400280334657
988.9939355295454	396.9191757990846
989.1869807661085	387.45832313023976
989.3801013797545	378.2624103671963
989.5732974146398	369.36028314900284
989.7665689149562	360.74576778615113
989.9599159249286	352.42638264693596
990.1533384888174	344.4336635581497
990.3468366509177	336.7742296820221
990.5404104555583	329.44811194335233
990.734059947104	322.4809829063701
990.9277851699529	315.8869803660176
991.1215861685391	309.6631104252091
991.3154629873305	303.82766689165476
991.5094156708303	298.39283032372845
991.7034442635766	293.35733762645475
991.8975488101419	288.73569334296786
992.0917293551338	284.5260372740821
992.2859859431954	280.7269042177509
992.480318619004	277.3520448096046
992.6747274272724	274.3828517942353
992.8692124127481	271.8140155848188
993.0637736202136	269.65594080316737
993.2584110944873	267.88316226783667
993.4531248804213	266.48842560380535
993.6479150229048	265.46819141826126
993.8427815668605	264.79606842468826
994.0377245572473	264.4690194899921
994.232744039059	264.4695969174488
994.4278400573246	264.7701203591065
994.6230126571089	265.3644039404407
994.8182618835117	266.22978092068064
995.0135877816688	267.35238371695846
995.2089903967504	268.7253635331432
995.4044697739632	270.3188628777512
995.600025958549	272.11683305575
995.7956589957853	274.10723705319305
995.9913689309845	276.2732410491115
996.1871558094961	278.60627974887655
996.3830196767037	281.08857101550984
996.5789605780276	283.7047156322233
996.7749785589236	286.4387043774013
996.9710736648829	289.27488912294825
997.167245941433	292.20896946802856
997.3634954341368	295.2191897961855
997.5598221885937	298.2895922690764
997.7562262504384	301.41929092572565
997.9527076653417	304.5913059519346
998.1492664790107	307.7991491708515
998.3459027371881	311.0350982757678
998.5426164856525	314.2858377390352
998.7394077702195	317.56345972686654
998.93627663674	320.86353829060823
999.1332231311012	324.17453660585375
999.3302472992269	327.51061819445886
999.5273491870762	330.8840448613999
999.7245288406457	334.31681581531245
999.9217863059673	337.82622542813965
1000.1191216291097	341.42515855401547
1000.3165348561784	345.1578803897861
1000.514026033314	349.0472781036807
1000.7115952066949	353.1156828546708
1000.909242422535	357.4281871904288
1001.1069677270857	362.0188316540664
1001.3047711666339	366.91944146010707
1001.5026527875041	372.1930106471968
1001.7006126360565	377.88039521497706
1001.8986507586885	384.0362083796794
1002.0967672018343	390.7198557529
1002.2949620119645	397.96827869193544
1002.4932352355862	405.84552004920914
1002.6915869192442	414.4071823379643
1002.8900171095195	423.69711342077096
1003.0885258530301	433.7851866232191
1003.2871131964309	444.71620139212934
1003.4857791864139	456.5322326269721
1003.684523869708	469.29991951468855
1003.8833472930786	483.06580629762533
1004.0822495033293	497.8750010451437
1004.2812305473001	513.7750663673445
1004.480290471868	530.8104264703436
1004.6794293239476	549.0300187243894
1004.8786471504902	568.4594126929126
1005.0779439984848	589.1352624746272
1005.2773199149577	611.0961524034516
1005.4767749469722	634.3318983348174
1005.6763091416288	658.8514782857432
1005.8759225460664	684.6758960745972
1006.0756152074599	711.7747345811877
1006.275387173023	740.1057819717761
1006.4752384900058	769.6206285545696
1006.6751692056968	800.2461071065131
1006.8751793674217	831.8809697140481
1007.0752690225436	864.4021550040843
1007.2754382184639	897.6765172626189
1007.475687002621	931.5084270825924
1007.6760154224913	965.6754079194507
1007.8764235255895	999.9728791490072
1008.0769113594672	1034.113225372687
1008.2774789717142	1067.7544363489192
1008.4781264099585	1100.5769647376726
1008.6788537218656	1132.2315192851331
1008.8796609551392	1162.3132897411367
1009.0805481575205	1190.3751233132975
1009.2815153767899	1215.9926105722793
1009.4825626607645	1238.7485933341918
1009.6836900573005	1258.1761942165322
1009.8848976142916	1273.8705614130702
1010.08618537967	1285.4519155946614
1010.2875534014063	1292.5141465423678
1010.4890017275089	1294.755118114008
1010.6905304060247	1291.8870638049102
1010.8921394850391	1283.6612118871587
1011.0938290126758	1270.0195990057753
1011.2955990370966	1250.9251934450394
1011.4974496065024	1226.3765009190272
1011.6993807691316	1196.5488839214265
1011.9013925732626	1161.7051902696069
1012.1034850672106	1122.1899792474878
1012.3056582993311	1078.3791447057313
1012.5079123180168	1030.7098262298312
1012.7102471717002	979.870297316556
1012.9126629088515	926.5969465304908
1013.1151595779809	871.502262484566
1013.3177372276363	815.2810758943783
1013.5203959064048	758.6819189850045
1013.7231356629127	702.3672678576143
1013.9259565458245	646.9905714153301
1014.1288586038447	593.2176136273362
1014.3318418857157	541.6518002383929
1014.5349064402195	492.79041743406316
1014.7380523161772	447.02695865877723
1014.941279562449	404.7108646119269
1015.1445882279343	366.11951839449557
1015.3479783615709	331.3455111768539
1015.551450012337	300.4133724284814
1015.755003229249	273.40962100173505
1015.9586380613639	250.27001954930037
1016.1623545577769	230.7839983212145
1016.3661527676229	214.88060823218999
1016.5700327400765	202.47535371317613
1016.7739945243513	193.31340865776144
1016.9780381697011	187.24985603635434
1017.1821637254183	184.2761667227646
1017.3863712408356	184.3381135909851
1017.5906607653254	187.3902523630755
1017.7950323482991	193.44200326100588
1017.9994860392084	202.59957845709735
1018.2040218875445	215.0743716911497
1018.4086399428382	231.01327793508557
1018.6133402546607	250.57985084119773
1018.8181228726224	274.10412141632855
1019.0229878463743	301.84807733483694
1019.2279352256065	333.9550449940457
1019.4329650600497	370.61070924772935
1019.6380773994746	411.90006694540614
1019.8432722936914	457.7351238579399
1020.0485497925514	507.9759481528976
1020.253909945945	562.4506463405992
1020.4593528038035	620.9346332861833
1020.6648784160981	683.0142445947171
1020.8704868328402	748.0113484339838
1021.0761781040819	815.1568929730425
1021.2819522799155	883.5799555106481
1021.487809410473	952.1863556443785
1021.693749545928	1019.8090472972307
1021.8997727364938	1085.3152977633451
1022.1058790324244	1147.530130335282
1022.3120684840142	1205.2850608302763
1022.5183411415984	1257.5079955176925
1022.7246970555527	1303.137166487378
1022.931136276294	1341.0661902807526
1023.1376588542789	1370.2738942317947
1023.3442648400056	1389.9751687218964
1023.5509542840127	1399.6658883253642
1023.7577272368799	1399.0452699133334
1023.9645837492271	1387.984854164359
1024.1715238717165	1366.6024838110902
1024.37854765505	1335.205245866888
1024.5856551499705	1294.2614386364532
1024.792846407263	1244.5715382006854
1025.0001214777526	1187.2388422218357
1025.2074804123063	1123.4459908906713
1025.414923261831	1054.4721171570166
1025.6224500772764	981.7742248025309
1025.8300609096327	906.8275603991731
1026.0377558099308	831.0553394210533
1026.2455348292442	755.9174465451079
1026.4533980186868	682.7984473355374
1026.6613454294143	612.9235547721297
1026.8693771126236	547.4397981205061
1027.0774931195538	487.35021569915796
1027.2856935014845	433.4491546125759
1027.4939783097377	386.3346096585988
1027.702347595677	346.3740371319556
1027.9108014107073	313.7619940365629
1028.1193398062749	288.5394852846685
1028.327962833869	270.5439421341858
1028.5366705450194	259.5002625413173
1028.7454629912986	255.05861520179837
1028.9543402243205	256.7320944173348
1029.1633022957412	263.95285175065345
1029.3723492572583	276.1522227683997
1029.5814811606124	292.76979986357793
1029.790698057585	313.25972458760884
1030.0	337.11590842740145
1030.2093870397246	363.91566495655184
1030.4188592286662	393.3202746365395
1030.6284166187759	425.02979990726556
1030.8380592620467	458.8232840047301
1031.0477872105137	494.6063369340554
1031.2576005162546	532.3229970289174
1031.4674992313896	571.9332386668652
1031.6774834080807	613.4957343218196
1031.887553098533	657.0941992419637
1032.097708354994	702.7521074976557
1032.3079492297538	750.5154492252584
1032.518275775145	800.4389947880265
1032.728688043543	852.4744881331501
1032.9391860873654	906.510016936557
1033.1497699590734	962.4163695546412
1033.3604397111703	1019.9572174040107
1033.5711953962023	1078.7824077333485
1033.7820370667591	1138.5237937937338
1033.9929647754727	1198.757615333189
1034.2039785750183	1258.9269976713706
1034.4150785181137	1318.4307428441946
1034.6262646575203	1376.677894289491
1034.8375370460426	1432.980771900548
1035.0488957365274	1486.6197177212102
1035.260340781866	1537.0396660891315
1035.4718722349921	1583.7511381317975
1035.6834901488824	1626.214574966188
1035.8951945765577	1663.9949078197506
1036.1069855710816	1696.7558256697773
1036.3188631855614	1724.1445469023092
1036.5308274731478	1745.889557363409
1036.742878487035	1761.8426338162167
1036.9550162804603	1771.9069483255378
1037.1672409067053	1776.095044574091
1037.3795524190948	1774.655985760627
1037.5919508709972	1768.0676212294898
1037.804436315825	1756.7851646037682
1038.0170088070338	1741.0264751520858
1038.2296683981242	1720.956528211036
1038.4424151426394	1696.895732652679
1038.655249094167	1669.1828024260144
1038.8681703063385	1638.1634561783474
1039.0811788328292	1604.3612876727952
1039.2942747273592	1568.2659036503462
1039.507458043692	1530.1453653712654
1039.720728835635	1490.35007135102
1039.9340871570405	1449.2787923289163
1040.1475330618043	1406.984508603455
1040.361066603867	1363.412003183438
1040.5746878372129	1318.7252019647117
1040.7883968158717	1273.0706920402572
1041.0021935939162	1226.5817157261645
1041.2160782254646	1179.5757692456298
1041.4300507646794	1132.3363647914814
1041.6441112657672	1084.9973004943254
1041.8582597829793	1037.7298360016982
1042.072496370612	990.7927725801713
1042.286821083006	944.4740908200635
1042.5012339745474	899.0655492731597
1042.7157350996654	854.9001794065931
1042.9303245128353	812.3764859494175
1043.1450022685774	771.8638415616325
1043.3597684214562	733.7109985997705
1043.5746230260816	698.3400373441618
1043.789566137108	666.1838027847947
1044.0045978092357	637.6305302207877
1044.219718097209	613.0226745338953
1044.434927055818	592.6199334320057
1044.650224739898	576.6439743097404
1044.8656112043293	565.3145469770392
1045.0810865040376	558.7938226223262
1045.2966506939938	557.1867050670598
1045.5123038292143	560.5568870473937
1045.7280459647607	568.8593321188052
1045.9438771557404	581.9289888812021
1046.1597974573058	599.5810127907388
1046.3758069246553	621.5927606765553
1046.5919056130328	647.6092006767493
1046.808093577728	677.2348840785381
1047.0243708740757	710.0843457286005
1047.2407375574571	745.6720147110476
1047.4571936832988	783.4516909325256
1047.673739307073	822.8758797654052
1047.8903744842987	863.3575656064645
1048.10709927054	904.3352463841367
1048.3239137214073	945.2731474855055
1048.540817892557	985.5933959293072
1048.7578118396914	1024.7583876461622
1048.9748956185592	1062.3071480721248
1049.192069284955	1097.772702029639
1049.40933289472	1130.6422185992642
1049.6266865037408	1160.4179461832805
1049.8441301679516	1186.7566604255549
1050.0616639433315	1209.5401103124016
1050.2792878859075	1228.8108569277467
1050.4970020517521	1244.4733948296569
1050.7148064969845	1255.9930381403187
1050.9327012777703	1262.8239840053586
1051.1506864503224	1265.1067617518224
1051.3687620708993	1263.4958611243133
1051.5869281958066	1258.3933775428359
1051.8051848813977	1249.611998435775
1052.0235321840707	1236.9490419741442
1052.2419701602726	1220.7891612655255
1052.4604988664962	1201.6484801254348
1052.6791183592811	1179.6981783703595
1052.8978286952147	1155.1145023421896
1053.1166299309302	1128.249029879885
1053.3355221231097	1099.473728297992
1053.5545053284804	1069.1646603310487
1053.7735796038185	1037.6610758539418
1053.992745005946	1005.2607854499814
1054.2120015917333	972.2622747376648
1054.4313494180972	938.9690901348811
1054.6507885420021	905.6962055300114
1054.8703190204606	872.7129731850282
1055.0899409105318	840.2659222529999
1055.3096542693231	808.6160803551534
1055.529459153989	777.9445563357808
1055.7493556217314	748.4127608209141
1055.9693437298006	720.2277157809485
1056.189423535494	693.5266838431293
1056.409595096157	668.4044288008422
1056.6298584691833	644.9626181607374
1056.8502137120136	623.2663666077738
1057.0706608821367	603.3775753188856
1057.2912000370904	585.3264808941811
1057.5118312344591	569.1036451042556
1057.732554531876	554.7239207173748
1057.953369987023	542.1710774753016
1058.1742776576289	531.4010524411159
1058.3952776014714	522.3838462924866
1058.6163698763764	515.0543997933897
1058.8375545402184	509.34641091974663
1059.05883165092	505.20339043471984
1059.2802012664522	502.5393877388681
1059.5016634448345	501.2799335854622
1059.7232182441353	501.3579043369126
1059.944865722471	502.69499552650143
1060.1666059380068	505.2182294866014
1060.3884389489567	508.85685150704046
1060.6103648135838	513.5528233928391
1060.832383590199	519.2485843901799
1061.054495337163	525.8877152690958
1061.276700112885	533.4310977231778
1061.4989979758232	541.840412343913
1061.7213889844847	551.0978680799782
1061.9438731974258	561.19165587016
1062.1664506732513	572.0981297036446
1062.3891214706161	583.8269646380334
1062.6118856482237	596.383754158677
1062.834743264827	609.7628643485525
1063.0576943792285	623.9970006402953
1063.2807390502787	639.0997450825737
1063.5038773368794	655.0742883379348
1063.7271092979806	671.9658080189622
1063.9504349925828	689.7944565072238
1064.1738544797345	708.5503648857378
1064.3973678185355	728.254756264356
1064.620975068134	748.9341139028919
1064.8446762877284	770.5816539210925
1065.0684715365674	793.1813981356222
1065.2923608739484	816.725198311662
1065.5163443592198	841.1907438510713
1065.7404220517794	866.5527942616325
1065.9645940110745	892.780744692405
1066.1888602966033	919.8105840352645
1066.4132209679135	947.5882157309808
1066.6376760846028	976.0555905121879
1066.8622257063203	1005.1145063482877
1067.0868698927636	1034.6927752394156
1067.311608703682	1064.700977210164
1067.536442198874	1095.0003184931236
1067.7613704381897	1125.4966184281818
1067.9863934815285	1156.0808758663738
1068.2115113888412	1186.6032321801954
1068.4367242201286	1216.945722862432
1068.6620320354425	1246.9564708892117
1068.887434894885	1276.4792514307355
1069.1129328586094	1305.3961864477815
1069.3385259868187	1333.5325327395524
1069.5642143397681	1360.726935040682
1069.789997977763	1386.8683675343252
1070.0158769611598	1411.7948751067677
1070.2418513503658	1435.3471393810946
1070.4679212058395	1457.4049352136649
1070.6940865880904	1477.8488958801681
1070.9203475576792	1496.565121843268
1071.1467041752173	1513.4318202759916
1071.3731565013684	1528.3558356528933
1071.5997045968465	1541.2660589065292
1071.8263485224181	1552.0771548981118
1072.0530883388994	1560.7561852413057
1072.2799241071602	1567.273241023297
1072.5068558881196	1571.564402502774
1072.73388374275	1573.6343611629504
1072.9610077320754	1573.5028718329277
1073.1882279171698	1571.1708961169034
1073.4155443591605	1566.6832408042146
1073.6429571192266	1560.0723431098222
1073.870466258598	1551.3724088459169
1074.0980718385574	1540.6604206748568
1074.3257739204394	1528.010609671111
1074.5535725656305	1513.4997030493712
1074.7814678355685	1497.1930918463247
1075.0094597917446	1479.1704674161751
1075.2375484957015	1459.5532933407924
1075.4657340090346	1438.4240117543402
1075.6940163933905	1415.8742810343292
1075.9223957104696	1392.032160383856
1076.1508720220238	1366.975402272933
1076.3794453898577	1340.8029649155667
1076.6081158758282	1313.6409650279652
1076.8368835418453	1285.5782432932754
1077.065748449871	1256.7286562742468
1077.2947106619206	1227.2019105469224
1077.523770240062	1197.0884461537103
1077.752927246415	1166.5050439804215
1077.982181743154	1135.541128281678
1078.2115337925045	1104.288884395722
1078.440983456746	1072.8709007145364
1078.670530798211	1041.3716637896493
1078.9001758792847	1009.8659680450651
1079.1299187624059	978.4421384996147
1079.359759510066	947.1800967002214
1079.58969818481	916.166340937358
1079.8197348492365	885.4747869380379
1080.0498695659967	855.1586910077053
1080.2801023977959	825.2835377274437
1080.5104334073928	795.9202062293551
1080.7408626575993	767.1106367627274
1080.9713902112812	738.8884570748614
1081.2020161313576	711.313141574019
1081.4327404808016	684.4277647410868
1081.66356332264	658.2546100498633
1081.8944847199534	632.8349796461368
1082.1255047358768	608.2005518497037
1082.3566234335976	584.3731153767283
1082.5878408763592	561.3807207169333
1082.8191571274576	539.2464178256913
1083.0505722502437	518.000109270309
1083.2820863081217	497.6521256461555
1083.513699364551	478.21099154836935
1083.7454114830448	459.7236735455557
1083.9772227271706	442.2004375423995
1084.209133160551	425.6329522310501
1084.4411428468613	410.064177135931
1084.6732518498332	395.507657863472
1084.9054602332524	381.9517863415443
1085.137768060959	369.43203544175856
1085.3701753968476	357.9692736963864
1085.602682304868	347.5542936661633
1085.8352888490244	338.2000855687502
1086.0679950933768	329.9207995919171
1086.3008011020383	322.72119121116384
1086.5337069391794	316.61364002566023
1086.7667126690233	311.60090034874503
1086.99981835585	307.67580065481144
1087.2330240639938	304.8445801500042
1087.4663298578446	303.11576507017753
1087.699735801847	302.48307808059286
1087.9332419605018	302.94294104157893
1088.1668483983647	304.4941493009063
1088.400555180047	307.1242947387553
1088.6343623702148	310.8295470953958
1088.8682700335912	315.60666517532366
1089.102278234954	321.43415646433766
1089.3363870391363	328.30356367825004
1089.5705965110283	336.20971808725443
1089.8049067155746	345.1236096217875
1090.0393177177768	355.03231053637
1090.2738295826919	365.9323071837979
1090.5084423754324	377.7910260088387
1090.743156161168	390.5824784967101
1090.9779710051234	404.2958747927191
1091.2128869725807	418.90963928069465
1091.447904128877	434.40360654101846
1091.6830225394065	450.75191263155233
1091.918242269619	467.9233848499968
1092.153563385022	485.90008088585927
1092.3889859511778	504.65966030801405
1092.6245100337069	524.1708174089797
1092.8601356982856	544.397404093892
1093.0958630106466	565.3138442039736
1093.3316920365794	586.9136676717862
1093.5676228419313	609.1510563951705
1093.8036554926052	631.9729676123678
1094.039790054561	655.3758174693484
1094.2760265938168	679.3228403535621
1094.5123651764463	703.7607615220179
1094.7488058685813	728.6687994637484
1094.9853487364098	754.0028909226752
1095.221993846178	779.7303885045608
1095.4587412641888	805.8227546058857
1095.6955910568026	832.2243079537511
1095.932543290437	858.916337939845
1096.1695980315676	885.8605452346663
1096.406755346727	912.9949493992627
1096.6440153025055	940.3110530379072
1096.881377965551	967.7776528857687
1097.1188434025694	995.3488822137923
1097.3564116803245	1023.0032077988753
1097.5940828656373	1050.692422712226
1097.8318570253873	1078.3987577958578
1098.0697342265112	1106.1198734740788
1098.3077145360048	1133.8032469800112
1098.5457980209212	1161.4142602882703
1098.7839847483717	1188.940245345362
1099.0222747855264	1216.3625733665494
1099.2606681996133	1243.6589130604648
1099.4991650579184	1270.786139815878
1099.7377654277866	1297.7253839345785
1099.9764693766213	1324.466491724811
1100.215276971884	1350.9631462757377
1100.4541882810947	1377.2013679379625
1100.693203371833	1403.185779289673
1100.9323223117367	1428.861610123453
1101.171545168502	1454.1751552757248
1101.4108720098843	1479.1473607515077
1101.6503029036978	1503.7841880273004
1101.8898379178158	1528.0131083714027
1102.1294771201708	1551.8126554788973
1102.369220578754	1575.1973341335254
1102.609068361616	1598.1053352269414
1102.8490205368669	1620.5450400417842
1103.0890771726756	1642.5673888784847
1103.3292383372705	1664.0977146881971
1103.5695040989397	1685.1175512730558
1103.8098745260306	1705.6617195568658
1104.0503496869503	1725.6498206477656
1104.290929650165	1745.0893816172372
1104.5316144842016	1764.0783944544535
1104.7724042576456	1782.5863425783562
1105.013299039143	1800.5661427861037
1105.2542988973996	1818.0124172247058
1105.4954039011814	1834.8763703131328
1105.7366141193138	1851.155899508462
1105.9779296206827	1866.9270573219833
1106.2193504742343	1882.22316351216
1106.4608767489742	1896.9915601759246
1106.7025085139692	1911.1737804364425
1106.944245838346	1924.7655665120287
1107.1860887912921	1937.7847526074015
1107.4280374420548	1950.2422068158667
1107.6700918599427	1962.1412660524438
1107.912252114324	1973.4782728380867
1108.154518274629	1984.2432630069147
1108.3968904103472	1994.4251308106047
1108.6393685910302	2004.0382663457856
1108.88195288629	2013.0932252081466
1109.124643365799	2021.5706652134377
1109.3674400992913	2029.482471075269
1109.610343156562	2036.8571680668922
1109.8533526074668	2043.692478048352
1110.0964685219235	2049.988827193205
1110.3396909699104	2055.758515295399
1110.5830200214675	2061.0054940437503
1110.8264557466962	2065.722160318946
1111.0699982157591	2069.918489928014
1111.3136474988808	2073.625943488564
1111.5574036663468	2076.8413410635585
1111.8012667885055	2079.5494458414355
1112.0452369357658	2081.7677358318815
1112.2893141785992	2083.5108915488004
1112.5334985875384	2084.77134826262
1112.7777902331784	2085.537907897299
1113.0221891861768	2085.82535425409
1113.2666955172526	2085.6433879344404
1113.5113092971867	2084.9749023280488
1113.756030596823	2083.840652970535
1114.0008594870674	2082.2495610026963
1114.2457960388876	2080.175831052566
1114.4908403233148	2077.649004147435
1114.7359924114417	2074.6782043833173
1114.9812523744242	2071.2388453116896
1115.2266202834805	2067.3688012151274
1115.4720962098916	2063.087081634719
1115.7176802250012	2058.3717199353096
1115.9633724002165	2053.225188045725
1116.2091728070063	2047.6569481291542
1116.4550815169034	2041.6922901528662
1116.7010986015032	2035.3500667428405
1116.947224132465	2028.6208792317145
1117.1934581815103	2021.5045064050191
1117.4398008204241	2013.9892925922911
1117.686252121055	2006.0740125552034
1117.9328121553149	1997.7951400892705
1118.1794809951791	1989.1565170281233
1118.4262587126864	1980.1493766961862
1118.6731453799396	1970.786128529173
1118.9201410691046	1961.0503748872147
1119.1672458524113	1950.9428924114975
1119.4144598021535	1940.4932095289969
1119.6617829906888	1929.6869698126802
1119.909215490439	1918.5272557469837
1120.1567573738894	1907.0462024369772
1120.4044087135899	1895.2265417711337
1120.6521695821543	1883.0798096347978
1120.900040052261	1870.6457008144166
1121.1480201966517	1857.8960853455173
1121.3961100881343	1844.841791953025
1121.6443097995793	1831.538672145755
1121.892619403923	1817.9570070234215
1122.1410389741657	1804.0909385118973
1122.3895685833722	1790.005158666452
1122.6382083046726	1775.693005092423
1122.8869582112613	1761.1316672795003
1123.1358183763987	1746.3539227846966
1123.384788873408	1731.3669931426427
1123.6338697756798	1716.1718290336148
1123.8830611566684	1700.7857495970677
1124.1323630898935	1685.1962128503571
1124.3817756489402	1669.4148262608703
1124.6312989074586	1653.4750058998916
1124.8809329391652	1637.3550048704535
1125.1306778178407	1621.0501821726277
1125.380533617332	1604.6024178419723
1125.6305004115516	1588.0010821645876
1125.880578274477	1571.225884282548
1126.1307672801527	1554.3128356344355
1126.3810675026884	1537.2809923600678
1126.6314790162594	1520.1221768613964
1126.882001895107	1502.8444991419199
1127.1326362135392	1485.4579896764722
1127.3833820459295	1467.980430534696
1127.6342394667174	1450.431860045845
1127.88520855041	1432.8082321684558
1128.136289371579	1415.115778120856
1128.387482004864	1397.3799834770057
1128.63878652497	1379.606762356102
1128.8902030066693	1361.7995515473672
1129.1417315247998	1343.9720077183686
1129.3933721542676	1326.1200365464913
1129.6451249700444	1308.2477196084
1129.8969900471698	1290.3767409217164
1130.1489674607494	1272.502117148596
1130.4010572859556	1254.6249498702102
1130.6532595980293	1236.761934825157
1130.9055744722773	1218.899833470307
1131.158001984074	1201.0495809840595
1131.4105422088612	1183.2306302871405
1131.663195222148	1165.4168687185654
1131.9159610995112	1147.6232051616091
1132.1688399165948	1129.8716032331924
1132.4218317491102	1112.1393431201423
1132.6749366728375	1094.4516064102468
1132.9281547636233	1076.8236355682175
1133.181486097383	1059.2297936201278
1133.4349307500995	1041.68937464891
1133.6884887978238	1024.2161148149119
1133.9421603166745	1006.8151150476791
1134.1959453828392	989.5018126436569
1134.4498440725731	972.2602994103388
1134.7038564622	955.1025976550244
1134.957982628112	938.045590219423
1135.2122226467693	921.0757622952086
1135.4665765947013	904.2212146134893
1135.7210445485055	887.4864153764156
1135.9756265848478	870.8423854935108
1136.2303227804637	854.3137996582565
1136.4851332121573	837.90721741794
1136.7400579568007	821.604954690194
1136.9950970913364	805.4253762569177
1137.250250692775	789.3737247949856
1137.5055188381964	773.4437180633976
1137.7609016047497	757.638930926741
1138.0163990696542	741.9600477251894
1138.272011310197	726.4141011753267
1138.5277384037358	710.9988303167155
1138.7835804276974	695.7179858907801
1139.0395374595782	680.5904082816771
1139.2956095769448	665.6064805018128
1139.5517968574327	650.7576792586186
1139.808099378748	636.0651815597515
1140.0645172186662	621.5404703877688
1140.3210504550336	607.1774254664514
1140.5776991657651	592.9705832305052
1140.8344634288476	578.9283066216401
1141.0913433223368	565.0586402465182
1141.348338924359	551.361394060101
1141.6054503131118	537.8484399624871
1141.8626775668622	524.5166694220842
1142.1200207639483	511.35463769919346
1142.3774799827788	498.3800995224063
1142.6350553018328	485.5953126753372
1142.8927467996605	472.9877786788079
1143.150554554883	460.5640687069895
1143.4084786461922	448.32667263334713
1143.666519152351	436.27980475864035
1143.9246761521936	424.42237191122393
1144.1829497246251	412.7473359730172
1144.4413399486223	401.27011409504274
1144.699846903233	389.98937059451856
1144.9584706675769	378.890786845487
1145.2172113208446	367.9856769818853
1145.4760689422985	357.2782382268238
1145.735043611273	346.76848668125893
1145.9941354071739	336.45894387227975
1146.2533444094788	326.3407948111951
1146.5126706977378	316.4218505888463
1146.7721143515726	306.7079610380749
1147.0316754506764	297.18924986070266
1147.2913540748157	287.8720604573139
1147.5511503038285	278.755847423641
1147.8110642176255	269.8302612111882
1148.0710958961893	261.10262755284845
1148.3312454195757	252.57454856572681
1148.5915128679126	244.23856903558905
1148.8518983214005	236.09490727888038
1149.1124018603134	228.14132996344054
1149.373023564997	220.37414352047963
1149.6337635158704	212.79402621007605
1149.8946217934263	205.40113490762386
1150.1555984782294	198.19141134065814
1150.4166936509182	191.15833469547587
1150.6779073922046	184.3026233445072
1150.9392397828733	177.62910333620275
1151.2006909037827	171.13479642813653
1151.4622608358645	164.81342529535425
1151.7239496601242	158.6602722383236
1151.9857574576408	152.6729070229974
1152.2476843095674	146.85617529232428
1152.5097302971303	141.2113447521284
1152.7718955016303	135.72714715926344
1153.0341800044414	130.40162953832706
1153.2965838870127	125.24146405090443
1153.5591072308669	120.23626715442597
1153.821750117601	115.3803300461841
1154.0845126288862	110.6815254601234
1154.3473948464682	106.12927087538607
1154.6103968521677	101.71714145682627
1154.8735187278787	97.4535000250911
1155.1367605555713	93.325800103851
1155.40012241729	89.32658063392586
1155.663604395153	85.46725199500382
1155.9272065713553	81.73951394852212
1156.1909290281653	78.13104046050681
1156.4547718479273	74.64635868924192
1156.7187351130603	71.28480052806744
1156.9828189060595	68.03867992672659
1157.2470233094946	64.90531857489667
1157.5113484060105	61.88463421900458
1157.7757942783285	58.97533860153684
1158.040361009245	56.175232554931284
1158.3050486816326	53.47951593512915
1158.5698573784382	50.884438163203654
1158.8347871826868	48.39162138447428
1159.0998381774777	45.99801765682331
1159.3650104459866	43.698110903576136
1159.6303040714658	41.49288048923114
1159.8957191372433	39.37950358283758
1160.1612557267235	37.353979242700746
1160.4269139233875	35.41587134264441
1160.692693810793	33.559800881423655
1160.9585954725733	31.783155219251793
1161.2246189924394	30.086747620817995
1161.4907644541784	28.466210522655793
1161.7570319416545	26.917853925819642
1162.0234215388093	25.439383028592584
1162.2899333296602	24.028055833203798
1162.556567398303	22.68153632512609
1162.8233238289097	21.39786976267248
1163.09020270573	20.177996603132065
1163.357204113091	19.018675147473
1163.624328135397	17.913223347625916
1163.8915748571305	16.86210602369096
1164.1589443628507	15.865645508548708
1164.426436737195	14.92083764607885
1164.6940520648789	14.026592519162556
1164.961790430695	13.180355540450565
1165.2296519195145	12.380978484973681
1165.4976366162869	11.627654889836986
1165.7657446060389	10.91579772156315
1166.0339759738763	10.245507811393058
1166.3023308049833	9.617854818840415
1166.570809184622	9.027841351822858
1166.839411198133	8.473718012378177
1167.1081369309359	7.955561414489022
1167.3769864685291	7.470231672406227
1167.6459598964896	7.017816669318318
1167.9150573004729	6.597872142108451
1168.1842787662142	6.205500637428931
1168.4536243795274	5.838700214311455
1168.7230942263052	5.497724154035548
1168.9926883925204	5.181982526698339
1169.2624069642243	4.89130860673396
1169.5322500275483	4.623302998724521
1169.8022176687032	4.375111238163972
1170.0723099739787	4.146879267860022
1170.3425270297453	3.937974314096961
1170.612868922452	3.7467337719840197
1170.8833357386295	3.572867427033423
1171.153927564887	3.415586155620825
1171.4246444879143	3.273207492284764
1171.6954865944813	3.1448213088933836
1171.9664539714379	3.0304338880907844
1172.2375467057147	2.9290645710734005
1172.5087648843232	2.8387021012506457
1172.7801085943547	2.759044896476023
1173.0515779229809	2.690127279000883
1173.3231729574554	2.630545179030393
1173.5948937851115	2.5793590165810953
1173.866740493364	2.535656617631584
1174.1387131697084	2.498561171982513
1174.4108119017214	2.4682789463265555
1174.6830367770617	2.4442237564359615
1174.955387883468	2.425166857344654
1175.2278653087606	2.410673769201479
1175.5004691408421	2.400262996799779
1175.7731994676963	2.3937182248556166
1176.0460563773884	2.3910573777055224
1176.3190399580653	2.391154836406933
1176.5921502979566	2.393466069026701
1176.8653874853728	2.3988369910192904
1177.138751608707	2.4066140794554425
1177.4122427564346	2.415545563095181
1177.6858610171128	2.4260297783676275
1177.9596064793814	2.4383886630292255
1178.2334792319623	2.4522332661403126
1178.5074793636609	2.4668034437680295
1178.7816069633639	2.481416143534732
1179.0558621200416	2.496565257885686
1179.330244922747	2.512159781763005
1179.6047554606155	2.527204680174342
1179.8793938228664	2.541781310660688
1180.1541600988014	2.55612646020739
1180.4290543778056	2.569919939148246
1180.7040767493475	2.5826402962745862
1180.9792273029786	2.593918167554459
1181.254506128335	2.604024822175248
1181.5299133151343	2.612968765754864
1181.8054489531805	2.620697597491654
1182.0811131323592	2.627089895788541
1182.3569059426407	2.631624530036864
1182.6328274740795	2.635171553214516
1182.9088778168139	2.638189374510082
1183.1850570610663	2.6396799391448345
1183.4613652971434	2.6402545046484143
1183.7378026154365	2.639906727088685
1184.0143691064213	2.637492535313071
1184.2910648606583	2.6342468487861193
1184.5678899687919	2.6307066513456685
1184.844844521552	2.6258052197536212
1185.121928609753	2.620083637075017
1185.3991423242944	2.6136676767405884
1185.676485756161	2.605776720660972
1185.9539589964224	2.5967654241272355
1186.2315621362338	2.5867511293652274
1186.5092952668354	2.5752409040847457
1186.787158479553	2.562734760395505
1187.0651518657983	2.5497424998223392
1187.343275517068	2.535326295379137
1187.6215295249451	2.5192739156308024
1187.8999139810987	2.502556375338376
1188.1784289772831	2.484834973265732
1188.4570746053391	2.466132923706537
1188.7358509571936	2.447061249974247
1189.0147581248602	2.4267292428647993
1189.2937962004382	2.4053386826860303
1189.5729652761138	2.3834658295787543
1189.8522654441592	2.36063400513456
1190.1316967969346	2.337881416811464
1190.4112594268852	2.31511906273416
1190.6909534265444	2.2913259365083887
1190.9707788885323	2.267504441568522
1191.250735905556	2.2431377396137395
1191.5308245704093	2.2177404193991848
1191.8110449759743	2.192843614246772
1192.0913972152193	2.1681691263073857
1192.3718813812013	2.1430225160982026
1192.652497567064	2.1172144422370143
1192.9332458660397	2.090610181765877
1193.214126371447	2.0641870411668033
1193.4951391766945	2.0377173875967225
1193.7762843752766	2.0107805563768566
1194.0575620607776	1.9836220412622125
1194.338972326869	1.955765611285077
1194.6205152673108	1.928009104650875
1194.9021909759522	1.9001363101967355
1195.1839995467296	1.8712274990341764
1195.4659410736692	1.8429550101557437
1195.7480156508855	1.8150202264313362
1196.030223372581	1.7865888515601425
1196.3125643330493	1.759170033251612
1196.5950386266707	1.7316901975956474
1196.877646347916	1.7032381525027516
1197.1603875913452	1.6754034795278592
1197.4432624516076	1.6481346237766947
1197.726271023441	1.6209145237013374
1198.0094134016742	1.5936952500156598
1198.292689681225	1.566539673177495
1198.5760999571014	1.5400606164281903
1198.8596443244007	1.513513156496341
1199.1433228783103	1.4864734584865456
1199.4271357141085	1.4600024911684333
1199.7110829271626	1.4337936396265345
1199.995164612931	1.407352381597082
