2423,849  6,585412E-11  0  1,991275E-5  5,411496E-7
2410,865  6,677665E-11  0  -1,994795E-5  -3,863827E-7
2398,019  6,733251E-11  0  1,992475E-5  3,491148E-7
2385,309  6,815561E-11  0  -1,994156E-5  -2,377959E-7
2372,733  6,861157E-11  0  1,990312E-5  1,954009E-7
2360,289  6,993484E-11  0  -1,998956E-5  -7,890353E-8
2347,975  7,068158E-11  0  1,999125E-5  -4,73462E-8
2335,789  7,175694E-11  0  -2,003761E-5  1,625481E-7
2323,729  7,262659E-11  0  2,005331E-5  -2,779713E-7
2311,792  7,353219E-11  0  -2,007224E-5  4,001072E-7
2299,978  7,437911E-11  0  2,008265E-5  -4,774951E-7
2288,284  7,53631E-11  0  -2,010896E-5  6,013163E-7
2276,708  7,60405E-11  0  2,009517E-5  -6,577321E-7
2265,248  7,739949E-11  0  -2,016941E-5  7,325607E-7
2253,903  7,819532E-11  0  2,016687E-5  -8,458972E-7
2242,672  7,953456E-11  0  -2,023409E-5  9,262643E-7
2231,552  8,052749E-11  0  2,024909E-5  -1,123995E-6
2220,541  8,136753E-11  0  -2,025004E-5  1,193442E-6
2209,639  8,285842E-11  0  2,032679E-5  -1,321065E-6
2198,843  8,322197E-11  0  -2,026179E-5  1,463443E-6
2188,152  8,452289E-11  0  2,031765E-5  -1,503371E-6
2177,565  8,548262E-11  0  -2,032352E-5  1,637749E-6
2167,079  8,62016E-11  0  2,030984E-5  -1,645361E-6
2156,694  8,777669E-11  0  -2,038265E-5  1,813445E-6
2146,408  8,877273E-11  0  2,03913E-5  -1,912514E-6
2136,22  9,046848E-11  0  -2,047461E-5  2,053528E-6
2126,128  9,114352E-11  0  2,044257E-5  -2,160256E-6
2116,131  9,286999E-11  0  -2,052801E-5  2,26514E-6
2106,228  9,358368E-11  0  2,049548E-5  -2,393662E-6
2096,416  9,463422E-11  0  -2,050886E-5  2,44102E-6
2086,696  9,579333E-11  0  2,05254E-5  -2,551469E-6
2077,065  9,713822E-11  0  -2,056509E-5  2,624906E-6
2067,523  9,848585E-11  0  2,059526E-5  -2,759771E-6
2058,069  1,00302E-10  0  -2,06732E-5  2,889564E-6
2048,7  1,017078E-10  0  2,070363E-5  -3,030582E-6
2039,416  1,031204E-10  0  -2,074261E-5  3,104119E-6
2030,216  1,047278E-10  0  2,078857E-5  -3,249874E-6
2021,099  1,057615E-10  0  -2,078928E-5  3,300859E-6
2012,063  1,073133E-10  0  2,082808E-5  -3,430895E-6
2003,107  1,08505E-10  0  -2,083632E-5  3,517687E-6
1994,231  1,103003E-10  0  2,089982E-5  -3,619142E-6
1985,434  1,118714E-10  0  -2,093058E-5  3,768621E-6
1976,713  1,135387E-10  0  2,096372E-5  -3,941011E-6
1968,069  1,152701E-10  0  -2,101883E-5  4,015599E-6
1959,5  1,172583E-10  0  2,107747E-5  -4,184172E-6
1951,005  1,179558E-10  0  -2,102865E-5  4,276826E-6
1942,584  1,201695E-10  0  2,111828E-5  -4,372024E-6
1934,235  1,214321E-10  0  -2,112054E-5  4,458102E-6
1925,958  1,235503E-10  0  2,119646E-5  -4,554224E-6
1917,751  1,251754E-10  0  -2,121181E-5  4,714078E-6
1909,613  1,277881E-10  0  2,132257E-5  -4,825414E-6
1901,545  1,291454E-10  0  -2,130238E-5  5,014872E-6
1893,544  1,308041E-10  0  2,133684E-5  -5,075171E-6
1885,611  1,328453E-10  0  -2,137438E-5  5,251204E-6
1877,743  1,337112E-10  0  2,133733E-5  -5,315534E-6
1869,941  1,357733E-10  0  -2,139675E-5  5,394532E-6
1862,204  1,379625E-10  0  2,145001E-5  -5,530291E-6
1854,53  1,402243E-10  0  -2,151454E-5  5,635091E-6
1846,92  1,435112E-10  0  2,163819E-5  -5,819455E-6
1839,371  1,453007E-10  0  -2,165487E-5  5,93785E-6
1831,884  1,486081E-10  0  2,179435E-5  -6,040289E-6
1824,458  1,500665E-10  0  -2,176151E-5  6,225419E-6
1817,092  1,520313E-10  0  2,180174E-5  -6,287138E-6
1809,784  1,544044E-10  0  -2,183788E-5  6,464581E-6
1802,536  1,568431E-10  0  2,190134E-5  -6,557032E-6
1795,345  1,593529E-10  0  -2,194192E-5  6,734322E-6
1788,212  1,615166E-10  0  2,198852E-5  -6,798682E-6
1781,134  1,651141E-10  0  -2,20914E-5  7,014838E-6
1774,113  1,673264E-10  0  2,212887E-5  -7,103889E-6
1767,147  1,711528E-10  0  -2,225224E-5  7,280898E-6
1760,235  1,720543E-10  0  2,218436E-5  -7,390069E-6
1753,377  1,760037E-10  0  -2,232701E-5  7,514276E-6
1746,573  1,778897E-10  0  2,229772E-5  -7,705396E-6
1739,821  1,80981E-10  0  -2,239019E-5  7,780957E-6
1733,121  1,846294E-10  0  2,246778E-5  -7,99893E-6
1726,472  1,878488E-10  0  -2,253898E-5  8,140323E-6
1719,874  1,911312E-10  0  2,258403E-5  -8,355197E-6
1713,327  1,950651E-10  0  -2,275823E-5  8,327537E-6
1706,829  1,955529E-10  0  2,254721E-5  -8,713185E-6
1700,38  2,021589E-10  0  -2,294982E-5  8,531389E-6
1693,98  2,020675E-10  0  2,269755E-5  -8,917786E-6
1687,628  2,036689E-10  0  -2,276261E-5  8,763304E-6
1681,323  2,165689E-10  0  2,318122E-5  -9,51454E-6
1675,065  2,063733E-10  0  -2,266565E-5  8,953115E-6
1668,854  2,261971E-10  0  2,345136E-5  -9,805757E-6
1662,688  2,185843E-10  0  -2,306505E-5  9,36869E-6
1656,568  2,260799E-10  0  2,318575E-5  -9,936414E-6
1650,493  2,364397E-10  0  -2,373245E-5  9,86752E-6
1644,462  2,284101E-10  0  2,304882E-5  -1,011235E-5
1638,475  2,452735E-10  0  -2,385577E-5  1,030715E-5
1632,532  2,391917E-10  0  2,336023E-5  -1,039807E-5
1626,631  2,523077E-10  0  -2,384022E-5  1,078609E-5
1620,773  2,476053E-10  0  2,354859E-5  -1,060979E-5
1614,957  2,666406E-10  0  -2,425764E-5  1,117181E-5
1609,183  2,520572E-10  0  2,340843E-5  -1,102115E-5
1603,449  2,762666E-10  0  -2,46058E-5  1,109287E-5
1597,757  2,689873E-10  0  2,366837E-5  -1,200345E-5
1592,104  2,776169E-10  0  -2,45982E-5  1,080112E-5
1586,492  2,882582E-10  0  2,40725E-5  -1,283125E-5
1580,919  2,824168E-10  0  -2,442834E-5  1,127786E-5
1575,385  3,070501E-10  0  2,476397E-5  -1,297392E-5
1569,89  2,924522E-10  0  -2,423938E-5  1,231613E-5
1564,433  3,210216E-10  0  2,53498E-5  -1,277519E-5
1559,013  2,999955E-10  0  -2,405765E-5  1,300232E-5
1553,631  3,477781E-10  0  2,615844E-5  -1,329301E-5
1548,286  2,936681E-10  0  -2,32623E-5  1,344932E-5
1542,978  3,85928E-10  0  2,745094E-5  -1,374051E-5
1537,706  2,912661E-10  0  -2,252458E-5  1,410682E-5
1532,47  4,094028E-10  0  2,79646E-5  -1,428592E-5
1527,269  3,016583E-10  0  -2,265877E-5  1,443071E-5
1522,104  4,255298E-10  0  2,807288E-5  -1,493469E-5
1516,974  3,191423E-10  0  -2,284951E-5  1,520306E-5
1511,877  4,223942E-10  0  2,810793E-5  -1,414864E-5
1506,815  3,814453E-10  0  -2,517344E-5  1,595497E-5
1501,787  3,88037E-10  0  2,557225E-5  -1,560937E-5
1496,793  4,085474E-10  0  -2,637404E-5  1,559391E-5
1491,831  4,248558E-10  0  2,552286E-5  -1,784254E-5
1486,902  3,783216E-10  0  -2,592218E-5  1,363443E-5
1482,006  4,69613E-10  0  2,605792E-5  -1,946399E-5
1477,142  3,914468E-10  0  -2,687459E-5  1,240001E-5
1472,309  5,556979E-10  0  2,670897E-5  -2,284913E-5
1467,508  3,679554E-10  0  -2,614135E-5  1,137357E-5
1462,739  6,155341E-10  0  2,742773E-5  -2,446361E-5
1458  3,198764E-10  0  -2,460122E-5  9,601402E-6
1453,292  7,942833E-10  0  3,236961E-5  -2,59378E-5
1448,614  1,683283E-10  0  -1,778558E-5  6,779297E-6
1443,966  1,379177E-9  0  4,508565E-5  -3,02756E-5
1439,348  2,487686E-11  0  -4,570555E-6  5,654086E-6
1434,759  2,285761E-9  0  6,120683E-5  -3,285756E-5
1430,2  1,217028E-10  0  1,511144E-5  5,192641E-6
1425,669  4,209388E-9  0  8,665293E-5  -3,558422E-5
1421,167  1,017532E-9  0  4,56966E-5  4,4286E-6
1416,694  8,089043E-9  0  0,0001243715  -3,438941E-5
1412,248  3,375053E-9  0  8,244026E-5  1,036615E-5
1407,83  1,226691E-8  0  0,0001541071  -3,445109E-5
1403,44  5,272343E-9  0  0,0001029634  7,021112E-6
1399,077  1,590053E-8  0  0,0001723605  -4,704666E-5
1394,741  7,456213E-9  0  0,0001215311  -1,031876E-5
1390,432  2,027425E-8  0  0,0001875939  -7,07758E-5
1386,15  8,834662E-9  0  0,0001269356  -3,601885E-5
1381,893  2,28387E-8  0  0,0001892477  -9,44267E-5
1377,663  8,748027E-9  0  0,0001234928  -4,217082E-5
1373,459  1,987514E-8  0  0,000178776  -8,057386E-5
1369,28  4,844342E-9  0  9,645327E-5  -3,509334E-6
1365,127  1,203802E-8  0  0,0001481099  -3,274228E-5
1360,998  4,463854E-9  0  6,755214E-5  6,258647E-5
1356,895  9,522619E-9  0  0,0001293852  3,523432E-5
1352,816  1,156957E-8  0  6,836483E-5  0,0001305467
1348,762  1,906284E-8  0  0,0001612834  9,774787E-5
1344,732  2,791338E-8  0  0,0001190632  0,00019389
1340,726  3,649529E-8  0  0,0002228819  0,0001326904
1336,743  3,713676E-8  0  0,000180545  0,0001883164
1332,785  4,243925E-8  0  0,000270106  6,603076E-5
1328,849  2,900038E-8  0  0,00021026  9,117629E-5
1324,937  3,748866E-8  0  0,000257686  -3,307818E-5
1321,048  1,328732E-8  0  0,0001538396  -1,078034E-5
1317,182  3,167697E-8  0  0,000209595  -0,0001115205
1313,338  1,015749E-8  0  0,0001333483  -1,369062E-5
1309,517  3,126219E-8  0  0,0002311846  -3,920368E-5
1305,717  3,730819E-8  0  0,0001849237  0,0001761813
1301,94  9,648306E-8  0  0,0003090754  0,0002687131
1298,184  2,347866E-7  0  0,0002284663  0,0005946636
1294,451  2,557122E-7  0  0,0002421737  0,0006170931
1290,738  2,880024E-7  0  0,0001133993  0,0006922786
1287,047  2,305385E-7  0  0,0001485689  0,0006079458
1283,377  3,787054E-7  0  -2,906272E-5  0,0007993049
1279,727  3,281232E-7  0  1,886556E-5  0,0007421474
1276,099  5,280118E-7  0  0,0001769632  0,0009222511
1272,491  8,705973E-7  0  0,0005449119  0,001071865
1268,903  1,353952E-6  0  0,0004830557  0,001415111
1265,335  1,162907E-6  0  0,0004667719  0,001300668
1261,788  7,507531E-7  0  0,0005946329  0,0009339819
1258,26  1,094239E-6  0  0,001283381  0,0003602064
1254,752  1,108591E-6  0  0,001335729  7,694891E-5
1251,263  1,601182E-6  0  0,001315495  -0,0009168535
1247,794  3,659447E-6  0  0,001637764  -0,00177805
1244,344  5,334434E-6  0  0,002043568  -0,002072508
1240,913  5,672046E-6  0  0,001645055  -0,00250036
1237,501  7,979884E-6  0  0,00108547  -0,003369774
1234,107  1,231228E-5  0  -0,0001071411  -0,004384166
1230,732  1,411729E-5  0  -0,0007041215  -0,004629868
1227,376  1,156755E-5  0  -0,002075657  -0,003682955
1224,038  1,114523E-5  0  -0,003198636  -0,002625869
1220,718  1,866526E-5  0  -0,005038282  -0,001772727
1217,416  2,20201E-5  0  -0,005776164  -0,0003290374
1214,131  2,832637E-5  0  -0,006181191  0,002149245
1210,865  2,649712E-5  0  -0,004580551  0,004343271
1207,615  2,961362E-5  0  -0,003352046  0,005749528
1204,384  2,724572E-5  0  -0,001777237  0,006113527
1201,169  1,754587E-5  0  -0,002711735  0,004313994
1197,972  3,593308E-6  0  0,0005092394  0,002242702
1194,792  1,094057E-5  0  0,00238805  0,003211759
1191,628  1,620221E-5  0  0,0048455  0,0003427368
1188,481  2,182221E-5  0  0,005621251  -0,0001225897
1185,351  6,076653E-6  0  0,002949954  -0,0002336818
1182,237  6,439336E-6  0  -0,003038092  -2,823135E-5
1179,14  3,689212E-5  0  -0,007252999  -4,649535E-5
1176,058  0,0001075719  13,54656  -0,01229429  0,001203069
1172,993  0,0001278653  13,63841  -0,01343257  7,657276E-5
1169,944  0,0001340423  13,18788  -0,01231464  0,006043517
1166,91  0,0001665373  12,56765  -0,007235686  0,01342485
1163,892  0,0003056633  11,97119  0,002100849  0,02050031
1160,89  0,0005600072  11,37355  0,017918  0,02128352
1157,903  0,0009994862  10,867  0,03463737  0,0132153
1154,932  0,001784743  10,31925  0,04858525  -0,009004962
1151,976  0,003018539  9,889759  0,05243548  -0,0368635
1149,035  0,004807606  9,501113  0,04349915  -0,06795491
1146,108  0,007380488  9,101336  0,01683273  -0,0982845
1143,197  0,01163644  8,763235  -0,02094211  -0,1231211
1140,3  0,01708719  8,405068  -0,07587619  -0,1305005
1137,419  0,02643674  8,106785  -0,137566  -0,1270976
1134,551  0,0358782  7,845213  -0,1926103  -0,1013282
1131,698  0,04543325  7,604267  -0,237096  -0,05886295
1128,86  0,05811676  7,378549  -0,2755609  -0,004858291
1126,035  0,071081  7,163912  -0,2981537  0,05951053
1123,225  0,0938662  6,905026  -0,3129163  0,153437
1120,428  0,1184934  6,689804  -0,3058852  0,242895
1117,646  0,1474809  6,427215  -0,2585717  0,3494064
1114,877  0,1939572  6,190084  -0,1936201  0,458005
1112,122  0,2493028  5,954019  -0,09175525  0,5548192
1109,381  0,3045105  5,716219  0,04577783  0,6182857
1106,653  0,3681521  5,475754  0,2102732  0,64669
1103,938  0,4070677  5,254764  0,3638908  0,6134994
1101,237  0,4495994  5,016848  0,5223293  0,5351486
1098,549  0,4778961  4,834715  0,6280057  0,4439797
1095,874  0,4706899  4,647322  0,6927373  0,3160237
1093,212  0,4433404  4,484513  0,7114013  0,1932038
1090,563  0,3888243  4,351679  0,6826641  0,09088285
1087,927  0,3055911  4,252844  0,6087241  0,02040988
1085,303  0,2334133  4,114957  0,5281274  -0,05532198
1082,692  0,1836316  3,992628  0,4578429  -0,1056083
1080,094  0,1337128  3,774428  0,3610469  -0,1721401
1077,508  0,1084705  3,497945  0,2698664  -0,2373523
1074,934  0,09098442  3,128377  0,1515881  -0,2912836
1072,373  0,118773  2,714052  0,02450582  -0,3734792
1069,824  0,1945541  2,494551  -0,07329501  -0,4722347
1067,287  0,2490044  2,260532  -0,2040599  -0,4992687
1064,762  0,3431086  2,07205  -0,3442873  -0,5295494
1062,248  0,3113992  1,905618  -0,4060752  -0,4421327
1059,747  0,355289  1,671974  -0,5300532  -0,3581633
1057,257  0,423029  1,644688  -0,5874445  -0,3740127
1054,78  0,3801362  1,68213  -0,5419315  -0,3742626
1052,313  0,1627954  1,410954  -0,4063403  -0,1406446
1049,858  0,329543  0,8303354  -0,5917696  0,1494655
1047,415  0,4748888  0,949764  -0,7250091  0,09328995
1044,983  0,5926065  1,019365  -0,8132925  0,04752578
1042,562  0,5483218  1,400494  -0,7414628  -0,2479852
1040,153  0,1106137  1,307588  -0,341131  -0,07982062
1037,754  0,241414  0,3274653  -0,3777353  0,3520872
1035,367  0,6421532  0,4287939  -0,6694468  0,5077988
1032,99  0,9137311  0,8437545  -0,9727512  0,2318514
1030,625  0,4675503  1,057767  -0,7135472  0,0142497
1028,27  0,4314008  0,693784  -0,6341789  0,2562091
1025,926  0,3276673  0,5402526  -0,5108818  0,304492
1023,593  0,5736895  0,07798916  -0,4243936  0,6605845
1021,27  0,833305  0,277553  -0,6576663  0,6774053
1018,958  0,6824618  0,3159025  -0,6168389  0,5884307
1016,656  0,5755383  0,2956201  -0,5541302  0,5505033
1014,364  0,4990286  0,04857354  -0,3741205  0,6218199
1012,083  0,5990152  0,04841723  -0,4088623  0,6798043
1009,812  0,4930654  0  -0,3398965  0,6325693
1007,552  0,6650393  0,02246819  -0,410231  0,72397
1005,301  0,6480762  0,2104873  -0,5302241  0,6249895
1003,06  0,6117451  0,2355507  -0,5290214  0,5927935
1000,83  0,6190354  0,2455972  -0,5369315  0,5896247
998,6089  0,6344574  0,2142091  -0,5234137  0,6123276
996,398  0,6268858  0,2222072  -0,5239699  0,6031438
994,1969  0,5735849  0,2452318  -0,5132133  0,5639928
992,0055  0,4850194  0,3157537  -0,506184  0,4830158
989,8237  0,3926905  0,3757475  -0,4796461  0,4056326
987,6515  0,3525565  0,4923023  -0,4949988  0,3281649
985,4888  0,328247  0,6438745  -0,5188254  0,2403728
983,3355  0,3529795  0,7880484  -0,567006  0,1690083
981,1916  0,4120379  0,8961386  -0,6273593  0,1151953
979,0571  0,5284262  0,9735201  -0,7168562  0,07497871
976,9318  0,6368994  1,036885  -0,7889178  0,03224553
974,8158  0,7697224  1,046916  -0,8657208  0,02668901
972,7089  0,9078179  1,087756  -0,9385447  -0,009405789
970,611  0,9652935  1,1192  -0,9649304  -0,04003402
968,5222  1  1,16155  -0,9774103  -0,08211375
966,4424  0,9613895  1,217367  -0,950326  -0,1335653
964,3715  0,9002303  1,28189  -0,9074059  -0,1878686
962,3095  0,8195899  1,366634  -0,845719  -0,2513593
960,2562  0,7390881  1,454043  -0,7775451  -0,307238
958,2117  0,6475526  1,560638  -0,6916017  -0,3626107
956,1759  0,5528235  1,668423  -0,5979919  -0,4009852
954,1487  0,4701323  1,77986  -0,5058403  -0,4279044
952,1301  0,3838844  1,900744  -0,4062669  -0,438037
950,12  0,2974826  2,012284  -0,3118333  -0,4221227
948,1183  0,224795  2,129935  -0,22565  -0,3953923
946,1251  0,1619004  2,259281  -0,1463096  -0,3566973
944,1403  0,1118513  2,399643  -0,07877027  -0,3099268
942,1638  0,07374071  2,542423  -0,02744147  -0,257647
940,1955  0,04723785  2,685842  0,007719517  -0,2068023
938,2354  0,027369  2,845446  0,03075409  -0,1541561
936,2835  0,01474776  3,043736  0,04433257  -0,1062742
934,3397  0,007366041  3,314003  0,0501423  -0,06388288
932,4039  0,003775001  3,621218  0,04794554  -0,03266843
930,4762  0,002029968  3,97979  0,04124429  -0,01007298
928,5564  0,0008434754  4,241122  0,0273046  0,0005951903
926,6445  0,0005062111  4,78621  0,01781145  0,0113384
924,7405  0,0004241794  5,365542  0,007945536  0,01757552
922,8443  0,0004659039  5,844316  -0,001092682  0,02014341
920,9558  0,0004669558  6,240009  -0,008764413  0,01814903
919,075  0,0005634877  6,504729  -0,01447907  0,01668926
917,202  0,0006003203  6,780879  -0,01903645  0,0124732
915,3365  0,0006155004  6,926492  -0,0208617  0,009679663
913,4786  0,0005724389  7,091109  -0,0213331  0,005899781
911,6282  0,0004368026  7,264427  -0,01920569  0,001858988
909,7854  0,0003084991  7,493917  -0,01604014  -0,002145955
907,9499  0,0002461344  7,732074  -0,01344362  -0,005232134
906,1219  0,0002373321  7,932703  -0,01188839  -0,007650019
904,3011  0,0002117736  7,966241  -0,01095933  -0,0075836
902,4877  0,0002056562  7,978733  -0,01068422  -0,007592334
900,6816  0,0001220661  8,02099  -0,00796091  -0,006179389
898,8826  8,008064E-5  0  -0,006029824  -0,005477563
897,0909  5,7655E-5  0  -0,003564553  -0,005906109
895,3063  4,73317E-5  0  -0,002313009  -0,005793278
893,5287  4,082513E-5  0  -0,002038411  -0,005410607
891,7582  2,956902E-5  0  -0,001599145  -0,004643227
889,9947  1,633632E-5  0  -0,001140541  -0,003459857
888,2382  9,490707E-6  0  -2,05427E-6  -0,002771233
886,4885  4,513376E-6  0  0,0005929651  -0,001812781
884,7458  4,671059E-6  0  0,0004664582  -0,001879496
883,0099  2,613721E-6  0  0,000103909  -0,001441999
881,2808  1,735472E-6  0  -0,0002275825  -0,001153521
879,5584  5,646512E-7  0  -0,0001691127  -0,0006476282
877,8428  5,989629E-7  0  -0,0002472665  -0,0006420693
876,1339  2,740428E-7  0  -0,0002769194  -0,0003729135
874,4316  1,006489E-6  0  -0,0008536967  -0,0002460003
872,7359  1,707873E-6  0  -0,00113828  -0,0001961757
871,0467  1,99381E-6  0  -0,001220494  -0,0002488124
869,3641  9,174864E-7  0  -0,0008433137  4,743226E-6
867,688  4,884342E-7  0  -0,0005870099  0,0001804897
866,0183  3,756322E-7  0  -0,0002160469  0,0004922018
864,3551  4,987958E-7  0  -0,0003639672  0,0004997326
862,6982  4,484771E-7  0  -0,0003568561  0,0004636651
861,0476  7,958582E-7  0  -0,0005459745  0,0005541518
859,4034  1,486061E-6  0  -0,0004410471  0,0009649716
857,7654  3,058981E-6  0  -0,000668006  0,001364597
856,1337  3,350151E-6  0  -0,0006549919  0,001445495
854,5081  2,900595E-6  0  -0,0007103712  0,001291362
852,8887  1,414938E-6  0  -0,0003273932  0,0009738799
851,2755  8,937656E-7  0  -0,0001693073  0,0007972564
849,6683  7,426426E-7  0  0,0001431318  0,000727594
848,0672  5,603611E-7  0  6,775336E-5  0,0006393427
846,4721  3,981825E-7  0  0,0002426677  0,0004834536
844,883  3,249654E-7  0  0,0002551973  0,0004156777
843,2999  4,002965E-7  0  0,0003980839  0,0003653724
841,7227  3,34771E-7  0  0,0003433387  0,0003540917
840,1513  4,178551E-7  0  0,0004148042  0,0003611656
838,5859  3,433317E-7  0  0,0003102264  0,0003890843
837,0262  4,180051E-7  0  0,000343993  0,0004266538
835,4723  3,544469E-7  0  0,0002501642  0,0004372263
833,9242  3,474225E-7  0  0,0002614046  0,0004236355
832,3819  2,032288E-7  0  0,000154782  0,0003470734
830,8452  1,228753E-7  0  0,0001327252  0,0002633988
829,3142  3,083263E-8  0  1,865822E-5  0,0001462901
827,7888  1,232813E-8  0  8,639678E-7  9,307733E-5
826,269  1,36337E-8  0  -9,507536E-5  2,252126E-5
824,7548  1,045227E-8  0  -8,363383E-5  1,724605E-5
823,2461  2,150705E-8  0  -0,0001208149  -1,879743E-5
821,7429  6,621493E-9  0  -6,140456E-5  2,855344E-5
820,2453  8,899261E-9  0  -6,980719E-5  3,560666E-5
818,753  2,775953E-8  0  1,403358E-5  0,0001374362
817,2662  5,428519E-8  0  3,269065E-5  0,0001900496
815,7848  1,759256E-7  0  0,0001471492  0,0003137303
814,3087  2,285327E-7  0  0,000194947  0,0003426642
812,838  4,063217E-7  0  0,0003224283  0,0004139789
811,3725  3,853691E-7  0  0,0003555927  0,000365723
809,9124  5,043143E-7  0  0,0004580138  0,0003598746
808,4575  3,934218E-7  0  0,0004491732  0,0002489473
807,0078  4,234203E-7  0  0,0004929658  0,0001995211
805,5633  2,679997E-7  0  0,0004160951  7,235499E-5
804,1239  2,397922E-7  0  0,0003971354  3,619609E-5
802,6897  1,177497E-7  0  0,0002726558  -5,891044E-5
801,2606  8,672201E-8  0  0,0002344327  -4,631657E-5
799,8366  3,054456E-8  0  0,000113376  -8,477721E-5
798,4176  1,752108E-8  0  0,0001027558  -2,994414E-5
797,0037  3,342745E-9  0  2,237989E-5  -4,095016E-5
795,5948  5,994644E-9  0  5,821679E-5  2,241601E-5
794,1908  3,951958E-10  0  1,245268E-5  1,002915E-5
792,7918  1,247445E-8  0  6,997274E-5  5,608173E-5
791,3977  3,087717E-9  0  3,49945E-5  2,754653E-5
790,0084  1,758907E-8  0  8,978578E-5  5,654552E-5
788,6241  3,662782E-9  0  4,626069E-5  1,40111E-5
787,2446  1,468329E-8  0  9,175118E-5  3,024812E-5
785,8699  2,4039E-9  0  3,584258E-5  -1,542669E-5
784,5  7,361001E-9  0  6,816028E-5  -7,248387E-7
783,1349  2,404686E-9  0  7,367055E-6  -3,818788E-5
781,7745  2,247073E-9  0  3,624161E-5  -9,751219E-6
780,4189  2,785326E-9  0  -2,236148E-5  -3,521149E-5
779,0679  3,236548E-10  0  1,418725E-5  -4,440922E-7
777,7216  2,382778E-9  0  -3,224766E-5  -2,093434E-5
776,38  5,476445E-10  0  1,219237E-5  1,378067E-5
775,0429  1,350103E-9  0  -2,684468E-5  -1,054237E-5
773,7105  1,210903E-9  0  1,932957E-5  1,923081E-5
772,3826  8,778896E-10  0  -2,131964E-5  -9,089618E-6
771,0593  1,306301E-9  0  2,232066E-5  1,727219E-5
769,7406  9,271294E-10  0  -1,980693E-5  -1,308004E-5
768,4263  1,089087E-9  0  2,14726E-5  1,408865E-5
767,1165  1,031619E-9  0  -2,050722E-5  -1,421568E-5
765,8111  1,01331E-9  0  2,079868E-5  1,330098E-5
764,5102  1,018871E-9  0  -2,052879E-5  -1,37599E-5
763,2137  1,023528E-9  0  2,065784E-5  1,359162E-5
761,9216  9,862253E-10  0  -2,074815E-5  -1,251855E-5
760,6339  1,028014E-9  0  2,043672E-5  1,386917E-5
759,3505  9,914217E-10  0  -2,100862E-5  -1,20397E-5
758,0714  9,76074E-10  0  1,98977E-5  1,339322E-5
756,7967  1,012782E-9  0  -2,106062E-5  -1,230353E-5
755,5262  9,504805E-10  0  2,005575E-5  1,241868E-5
754,26  9,952462E-10  0  -2,057862E-5  -1,253929E-5
752,998  9,368312E-10  0  2,031913E-5  1,148626E-5
751,7402  9,791015E-10  0  -2,042192E-5  -1,226489E-5
750,4866  9,182954E-10  0  2,006208E-5  1,131278E-5
749,2372  9,683853E-10  0  -2,059051E-5  -1,155728E-5
747,992  9,189088E-10  0  1,990408E-5  1,145097E-5
746,7508  9,514549E-10  0  -2,056117E-5  -1,101821E-5
745,5138  9,337374E-10  0  1,989366E-5  1,168349E-5
744,2809  9,170825E-10  0  -2,031416E-5  -1,041033E-5
743,0521  9,474039E-10  0  2,014223E-5  1,143599E-5
741,8273  8,755141E-10  0  -1,985901E-5  -9,988423E-6
740,6065  9,446986E-10  0  2,026674E-5  1,09865E-5
739,3898  8,779879E-10  0  -1,983739E-5  -9,938404E-6
738,177  9,386108E-10  0  2,034702E-5  1,051472E-5
736,9682  8,778823E-10  0  -1,977851E-5  -9,890717E-6
735,7634  9,298348E-10  0  2,035806E-5  1,009022E-5
734,5625  8,613414E-10  0  -1,944738E-5  -9,923393E-6
733,3655  9,178015E-10  0  2,042817E-5  9,431635E-6
732,1724  8,567109E-10  0  -1,940667E-5  -9,716613E-6
730,9832  9,012584E-10  0  2,018067E-5  9,308948E-6
729,7978  8,517295E-10  0  -1,959793E-5  -9,01006E-6
728,6163  9,06439E-10  0  2,010223E-5  9,457467E-6
727,4386  8,553417E-10  0  -1,968638E-5  -8,755784E-6
726,2647  8,960927E-10  0  2,001918E-5  9,165049E-6
725,0945  8,671503E-10  0  -1,978471E-5  -8,72716E-6
723,9282  8,657706E-10  0  1,972219E-5  8,740064E-6
722,7656  8,640005E-10  0  -1,975541E-5  -8,522625E-6
721,6067  8,531249E-10  0  1,963978E-5  8,360569E-6
720,4515  8,558793E-10  0  -1,967561E-5  -8,276411E-6
719,3  8,527052E-10  0  1,967106E-5  8,095575E-6
718,1522  8,591716E-10  0  -1,97373E-5  -8,056409E-6
717,0081  8,591002E-10  0  1,975334E-5  7,923862E-6
715,8676  8,572818E-10  0  -1,970982E-5  -7,88095E-6
714,7307  8,557619E-10  0  1,970789E-5  7,743323E-6
713,5974  8,493353E-10  0  -1,96437E-5  -7,596576E-6
712,4677  8,430351E-10  0  1,959313E-5  7,416784E-6
711,3416  8,405692E-10  0  -1,957404E-5  -7,286324E-6
710,219  8,423377E-10  0  1,961137E-5  7,153096E-6
709,1  8,439136E-10  0  -1,964106E-5  -7,031492E-6
707,9845  8,448109E-10  0  1,964153E-5  6,965391E-6
706,8725  8,460222E-10  0  -1,965309E-5  -6,878936E-6
705,764  8,436155E-10  0  1,961819E-5  6,789853E-6
704,659  8,418888E-10  0  -1,959516E-5  -6,69158E-6
703,5574  8,369068E-10  0  1,954924E-5  6,534992E-6
702,4592  8,362323E-10  0  -1,955001E-5  -6,403863E-6
701,3645  8,355075E-10  0  1,954059E-5  6,300294E-6
700,2732  8,38402E-10  0  -1,957996E-5  -6,1886E-6
699,1852  8,372559E-10  0  1,957094E-5  6,063662E-6
698,1007  8,414675E-10  0  -1,961016E-5  -6,002929E-6
697,0195  8,403132E-10  0  1,960389E-5  5,865484E-6
695,9416  8,378363E-10  0  -1,955628E-5  -5,80896E-6
694,8671  8,367997E-10  0  1,954422E-5  5,693684E-6
693,7959  8,331096E-10  0  -1,949942E-5  -5,573924E-6
692,728  8,321185E-10  0  1,94804E-5  5,482444E-6
691,6634  8,341003E-10  0  -1,950255E-5  -5,376621E-6
690,602  8,323835E-10  0  1,949579E-5  5,203578E-6
689,5439  8,365065E-10  0  -1,953966E-5  -5,111607E-6
688,489  8,379454E-10  0  1,956236E-5  4,969224E-6
687,4374  8,383217E-10  0  -1,95515E-5  -4,904792E-6
686,3889  8,393583E-10  0  1,95634E-5  4,780573E-6
685,3437  8,38339E-10  0  -1,953356E-5  -4,721772E-6
684,3016  8,410519E-10  0  1,956601E-5  4,59371E-6
683,2627  8,397393E-10  0  -1,953818E-5  -4,509596E-6
682,2269  8,449387E-10  0  1,959849E-5  4,386324E-6
681,1943  8,41008E-10  0  -1,954453E-5  -4,273317E-6
680,1648  8,464066E-10  0  1,959969E-5  4,177865E-6
679,1384  8,444214E-10  0  -1,957555E-5  -4,031155E-6
678,1151  8,468776E-10  0  1,958235E-5  3,992424E-6
677,0949  8,479122E-10  0  -1,959391E-5  -3,843422E-6
676,0777  8,448355E-10  0  1,954163E-5  3,765479E-6
675,0636  8,497857E-10  0  -1,958978E-5  -3,663489E-6
674,0526  8,501084E-10  0  1,957738E-5  3,587209E-6
673,0445  8,52454E-10  0  -1,959264E-5  -3,489449E-6
672,0395  8,537893E-10  0  1,959898E-5  3,371136E-6
671,0375  8,588924E-10  0  -1,964754E-5  -3,261395E-6
670,0384  8,593079E-10  0  1,963765E-5  3,16806E-6
669,0423  8,636818E-10  0  -1,967509E-5  -3,065439E-6
668,0492  8,597365E-10  0  1,96175E-5  2,945805E-6
667,059  8,594394E-10  0  -1,959559E-5  -2,86976E-6
666,0718  8,590359E-10  0  1,957505E-5  2,77426E-6
665,0875  8,629558E-10  0  -1,960329E-5  -2,685901E-6
664,106  8,648731E-10  0  1,961519E-5  2,541639E-6
663,1275  8,704414E-10  0  -1,966493E-5  -2,421874E-6
662,1518  8,707857E-10  0  1,964964E-5  2,338161E-6
661,1791  8,831171E-10  0  -1,976746E-5  -2,280877E-6
660,2091  8,806367E-10  0  1,973098E-5  2,091243E-6
659,242  8,812563E-10  0  -1,970798E-5  -2,098636E-6
658,2778  8,83665E-10  0  1,972361E-5  1,926111E-6
657,3163  8,845748E-10  0  -1,970841E-5  -1,888408E-6
656,3577  8,906274E-10  0  1,976236E-5  1,722929E-6
655,4018  8,897405E-10  0  -1,97285E-5  -1,664295E-6
654,4488  8,980293E-10  0  1,980438E-5  1,507283E-6
653,4985  8,962302E-10  0  -1,975975E-5  -1,450741E-6
652,5509  9,101584E-10  0  1,989245E-5  1,337286E-6
651,6061  9,031977E-10  0  -1,979417E-5  -1,227662E-6
650,664  9,088773E-10  0  1,983183E-5  1,159683E-6
649,7247  9,084222E-10  0  -1,980389E-5  -1,056675E-6
648,7881  9,155446E-10  0  1,985695E-5  9,765474E-7
647,8541  9,120184E-10  0  -1,979584E-5  -8,495305E-7
646,9228  9,239312E-10  0  1,989944E-5  7,71393E-7
645,9943  9,248193E-10  0  -1,988685E-5  -5,816406E-7
