SHG FROG
Grid size is 512
 
*********** Test Field. ************
Experimental FROG trace loaded from A:\MPC\2024-10-25\FROG\at fibre input\8 compressor roundtrips\50kHz 1.5bar Kr\3mm\scan1 .frog
Number of delay points: 512
Number of wavelength points: 512
Delay spacing: 2,93 fs
Wavelength spacing: 1,72 nm
Center wavelength: 597 nm
DataOrder: Wavelength
Read in as constant Wavelength bins
 
Data extracted from (1,161) to (511,254)
Edge noise subtraction.
Full spectrum noise subtraction.
Full spectrum noise subtraction.
Full spectrum noise subtraction.
Edge noise subtraction.
Edge noise subtraction.
Edge noise subtraction.
Edge noise subtraction.
Full spectrum noise subtraction.
Full spectrum noise subtraction.
Full spectrum noise subtraction.
Trace center in delay found at pixel 254
Centered wavelength by center of mass at 45,96
There were -0,3419 too many wavelength points.
Wavelength Center at pixel 45,96
Wavelength shift of -1,796 nm.
 
--- 
Central wavelength of retrieved field is 1025 nm.
 
Basic
1   0,030523
2   0,019782
3   0,012556
4   0,010393
5   0,0096395
6   0,0093516
7   0,0091896
8   0,0091389
9   0,0092035
10   0,0093175
11   0,0094781
12   0,0097064
13   0,010028
14   0,010266
15   0,010196
16   0,01007
17   0,0099728
 
Projections
18   0,008477
19   0,0082816
20   0,0081371
21   0,0080171
22   0,0081708
23   0,0078679
24   0,0077375
25   0,0076235
26   0,007518
27   0,0076569
28   0,007403
29   0,0072899
30   0,0071868
31   0,0070892
32   0,0072617
33   0,0070206
34   0,0069167
35   0,0068214
36   0,006728
37   0,0069831
38   0,0067291
39   0,0066107
40   0,0065094
41   0,006417
42   0,0067911
43   0,0065153
44   0,00639
45   0,0062903
46   0,0062034
47   0,0067181
48   0,0064135
49   0,0062861
50   0,0061903
51   0,0061115
52   0,0066407
53   0,0063377
54   0,0062163
55   0,0061283
56   0,0060578
57   0,0066172
58   0,0063055
59   0,0061867
60   0,0061036
61   0,0060382
62   0,0066245
63   0,0062962
64   0,0061766
65   0,0060958
66   0,0060339
67   0,006687
68   0,0063151
69   0,0061877
70   0,0061069
71   0,0060473
72   0,0068244
73   0,0063811
74   0,0062368
75   0,006151
76   0,0060914
77   0,0069336
 
Proj. - Overstep
78   0,0059406
79   0,0058784
80   0,0058348
81   0,0058071
82   0,0057928
83   0,0057935
84   0,0058028
85   0,0058124
86   0,0058196
87   0,0058253
88   0,0058316
89   0,0058416
90   0,0058562
91   0,0058731
 
IntenGate
92   0,0065969
93   0,0061029
94   0,0064354
95   0,0066795
96   0,0064132
97   0,0071525
98   0,0072697
99   0,0071682
100   0,0073341
101   0,0080624
 
Expo
102   0,0067276
103   0,0073287
104   0,0076707
105   0,0080334
106   0,0086696
107   0,0090846
108   0,0095888
109   0,009882
110   0,010436
111   0,011476
 
Projections
112   0,0084239
113   0,0084273
114   0,0084374
115   0,0084422
116   0,00844
117   0,0084344
118   0,0084272
119   0,0084202
120   0,0084133
121   0,0084065
 
Projections
122   0,018213
123   0,011025
124   0,007228
125   0,0061887
126   0,006016
127   0,0059983
128   0,0059876
129   0,0059787
130   0,0059704
131   0,0059635
132   0,0059577
133   0,0059525
134   0,0059485
135   0,0059457
136   0,0059439
137   0,0059431
138   0,0059425
 
Basic
139   0,0065969
140   0,0071462
141   0,0074604
142   0,007704
143   0,0080192
144   0,0083241
145   0,0085502
146   0,0087491
147   0,008773
148   0,0088039
 
Projections
149   0,0057918
150   0,0057944
151   0,0057979
152   0,0058029
153   0,006544
154   0,0060128
155   0,0058979
156   0,005857
157   0,0058424
158   0,0068111
 
Proj. - Overstep
159   0,0057984
160   0,0058086
161   0,0058168
162   0,0058229
163   0,0058287
164   0,0058368
165   0,0058498
166   0,0058661
167   0,0058823
168   0,0058959
 
IntenGate
169   0,0065914
170   0,0060889
171   0,0064759
172   0,0066813
173   0,0064614
174   0,0071121
175   0,0072396
176   0,0071648
177   0,0073299
178   0,0079348
 
Expo
179   0,0067235
180   0,007353
181   0,0076968
182   0,0080226
183   0,0085549
184   0,0090435
185   0,0091899
186   0,010044
187   0,0097449
188   0,015333
 
Projections
189   0,010467
190   0,0091399
191   0,0088929
192   0,0088029
193   0,0087542
194   0,0087242
195   0,0087041
196   0,0086897
197   0,0086785
198   0,0086699
199   0,0086629
200   0,008657
201   0,0086522
202   0,0086483
203   0,0086448
204   0,0086417
205   0,0086391
 
Projections
206   0,016446
207   0,010391
208   0,0074544
209   0,0065114
210   0,0060975
211   0,0059922
212   0,0059502
213   0,0059373
214   0,0059341
215   0,0059314
216   0,0059257
217   0,0059144
218   0,0058972
219   0,005874
220   0,0058458
221   0,0058135
222   0,0057785
223   0,0057416
224   0,0057034
225   0,0056647
226   0,0056258
227   0,0055867
228   0,0055465
229   0,0055043
230   0,0054637
231   0,0054276
232   0,0053962
233   0,0053686
234   0,0053436
235   0,0053205
236   0,0052991
237   0,0052791
238   0,0052604
239   0,0052427
240   0,0052259
241   0,0052102
242   0,0051958
243   0,0051824
244   0,0051701
245   0,0051588
246   0,0051483
247   0,0051385
248   0,0051295
249   0,0051212
250   0,0051134
251   0,0051062
252   0,0050995
253   0,0050933
254   0,0050874
255   0,005082
256   0,0050769
257   0,0050722
258   0,0050678
259   0,0050636
260   0,0050597
261   0,005056
262   0,0050526
263   0,0050494
264   0,0050463
265   0,0050434
266   0,0050407
267   0,0050382
268   0,0050357
 
Basic
269   0,0052531
270   0,0055712
271   0,0060153
272   0,006497
273   0,0069269
274   0,0074259
275   0,0078888
276   0,008129
277   0,0081046
278   0,0078955
 
Projections
279   0,0050334
280   0,0050313
281   0,0050292
282   0,0050272
283   0,0052221
284   0,0051602
285   0,0051319
286   0,0051135
287   0,0050999
288   0,0053181
289   0,0052424
290   0,0052041
291   0,0051781
292   0,0051586
 
Proj. - Overstep
293   0,0050236
294   0,0050202
295   0,0050172
296   0,0050145
297   0,005012
298   0,0050098
299   0,0050078
300   0,005006
301   0,0050044
302   0,0050028
 
IntenGate
303   0,0052079
304   0,0055104
305   0,0059617
306   0,0055734
307   0,0058707
308   0,0061911
309   0,0057634
310   0,0059387
311   0,0063913
312   0,005884
 
Expo
313   0,0052219
314   0,0055881
315   0,0061664
316   0,0066207
317   0,0072794
318   0,0079848
319   0,0082944
320   0,0095532
321   0,0080851
322   0,012422
 
Projections
323   0,0080671
324   0,0067183
325   0,0063602
326   0,0061565
327   0,006027
328   0,0059416
329   0,0058845
330   0,0058462
331   0,0058209
332   0,0058047
333   0,005795
334   0,0057898
335   0,0057878
336   0,0057886
337   0,0057907
338   0,0057948
339   0,0058003
 
Projections
340   0,020776
341   0,014257
342   0,0092082
343   0,0062105
344   0,0054114
345   0,0052181
346   0,0051496
347   0,0051045
348   0,0050756
349   0,0050565
350   0,0050434
351   0,0050343
352   0,0050264
353   0,0050202
354   0,0050151
355   0,0050107
356   0,0050068
357   0,0050031
358   0,0049995
359   0,0049961
360   0,004993
361   0,0049902
362   0,0049877
363   0,0049855
364   0,0049835
 
Basic
365   0,0056524
366   0,0060807
367   0,0063765
368   0,0064591
369   0,0064251
370   0,006433
371   0,0065228
372   0,0066483
373   0,0068113
374   0,007004
 
Projections
375   0,0049819
376   0,0049805
377   0,0049792
378   0,0049782
379   0,0056168
380   0,0054393
381   0,0053648
382   0,0053084
383   0,0052638
384   0,0057389
385   0,0055866
386   0,0055015
387   0,0054365
388   0,0053834
389   0,0057913
 
Proj. - Overstep
390   0,0049766
391   0,0049755
392   0,0049748
393   0,0049743
394   0,0049741
395   0,004974
396   0,004974
397   0,0049741
398   0,0049742
399   0,0049743
400   0,0049745
401   0,0049746
402   0,0049747
403   0,0049749
404   0,004975
 
IntenGate
405   0,0056802
406   0,0061192
407   0,0067002
408   0,0061967
409   0,0066468
410   0,0072317
411   0,0062767
412   0,0065315
413   0,0076373
414   0,00632
 
Expo
415   0,0057123
416   0,0061377
417   0,0064848
418   0,0064699
419   0,0063175
420   0,0064306
421   0,0065215
422   0,0072095
423   0,00825
424   0,0080044
 
Projections
425   0,0067204
426   0,0063198
427   0,0061399
428   0,006025
429   0,0059519
430   0,0059085
431   0,0058847
432   0,0058722
433   0,0058666
434   0,0058666
435   0,0058713
436   0,0058806
437   0,0058954
438   0,0059139
 
Projections
439   0,016799
440   0,010092
441   0,006909
442   0,005984
443   0,0056038
444   0,0054627
445   0,0053746
446   0,0053132
447   0,0052672
448   0,0052315
449   0,0052034
450   0,0051775
451   0,0051565
452   0,005139
453   0,0051241
454   0,0051113
455   0,0051002
456   0,0050904
457   0,0050817
458   0,0050741
459   0,0050674
460   0,0050613
461   0,005056
462   0,0050512
463   0,005047
464   0,0050432
465   0,0050398
466   0,0050367
467   0,005034
468   0,0050315
469   0,0050293
470   0,0050273
 
Basic
471   0,0056802
472   0,006122
473   0,0064339
474   0,0065293
475   0,0065034
476   0,006488
477   0,0065589
478   0,0067078
479   0,0069247
480   0,0070961
 
Projections
481   0,004974
482   0,0049741
483   0,0049741
484   0,0049741
485   0,0056204
486   0,0054359
487   0,0053607
488   0,0053043
489   0,00526
490   0,0057408
 
Proj. - Overstep
491   0,004974
492   0,0049741
493   0,0049742
494   0,0049743
495   0,0049745
496   0,0049746
497   0,0049747
498   0,0049749
499   0,004975
500   0,0049751
 
IntenGate
501   0,0056802
502   0,0061192
503   0,0067002
504   0,0061967
505   0,0066468
506   0,0072317
507   0,0062767
508   0,0065315
509   0,0076373
510   0,00632
 
Expo
511   0,0057123
512   0,0061377
513   0,0064848
514   0,0064699
515   0,0063175
516   0,0064306
517   0,0065215
518   0,0072095
519   0,00825
520   0,0080044
 
Projections
521   0,0067204
522   0,0063198
523   0,0061399
524   0,006025
525   0,0059519
526   0,0059085
527   0,0058847
528   0,0058722
529   0,0058666
530   0,0058666
531   0,0058713
532   0,0058806
533   0,0058954
534   0,0059139
 
Projections
535   0,019812
536   0,013324
537   0,008535
538   0,0061994
539   0,0056242
540   0,0054669
541   0,0054071
542   0,0053613
543   0,005323
544   0,0052885
545   0,0052561
546   0,0052235
547   0,0051913
548   0,0051618
549   0,0051364
550   0,0051153
551   0,0050977
552   0,005083
553   0,0050704
554   0,0050597
555   0,0050505
556   0,0050425
557   0,0050354
558   0,0050293
559   0,0050239
560   0,0050191
561   0,0050149
562   0,0050111
563   0,0050078
564   0,0050048
565   0,0050021
566   0,0049996
567   0,0049974
568   0,0049954
 
Basic
569   0,0056802
570   0,006122
571   0,0064339
572   0,0065293
573   0,0065034
574   0,006488
575   0,0065589
576   0,0067078
577   0,0069247
578   0,0070961
 
Projections
579   0,004974
580   0,0049741
581   0,0049741
582   0,0049741
583   0,0056204
584   0,0054359
585   0,0053607
586   0,0053043
587   0,00526
588   0,0057408
 
Proj. - Overstep
589   0,004974
590   0,0049741
591   0,0049742
592   0,0049743
593   0,0049745
594   0,0049746
595   0,0049747
596   0,0049749
597   0,004975
598   0,0049751
 
IntenGate
599   0,0056802
600   0,0061192
601   0,0067002
602   0,0061967
603   0,0066468
604   0,0072317
605   0,0062767
606   0,0065315
607   0,0076373
608   0,00632
 
Expo
609   0,0057123
610   0,0061377
611   0,0064848
612   0,0064699
613   0,0063175
614   0,0064306
615   0,0065215
616   0,0072095
617   0,00825
618   0,0080044
 
Projections
619   0,0067204
620   0,0063198
621   0,0061399
622   0,006025
623   0,0059519
624   0,0059085
625   0,0058847
626   0,0058722
627   0,0058666
628   0,0058666
629   0,0058713
630   0,0058806
631   0,0058954
632   0,0059139
 
Projections
633   0,016676
634   0,0096359
635   0,0061497
636   0,0053486
637   0,0051981
638   0,0051502
639   0,0051217
640   0,0051026
641   0,0050888
642   0,0050781
643   0,0050693
644   0,0050621
645   0,0050562
646   0,0050506
647   0,0050457
648   0,0050414
649   0,0050375
650   0,0050342
651   0,0050312
652   0,0050286
653   0,0050263
654   0,0050242
655   0,0050224
 
Basic
656   0,0056802
657   0,006122
658   0,0064339
659   0,0065293
660   0,0065034
661   0,006488
662   0,0065589
663   0,0067078
664   0,0069247
665   0,0070961
 
Projections
666   0,004974
667   0,0049741
668   0,0049741
669   0,0049741
670   0,0056204
671   0,0054359
672   0,0053607
673   0,0053043
674   0,00526
675   0,0057408
 
Proj. - Overstep
676   0,004974
677   0,0049741
678   0,0049742
679   0,0049743
680   0,0049745
681   0,0049746
682   0,0049747
683   0,0049749
684   0,004975
685   0,0049751
 
IntenGate
686   0,0056802
687   0,0061192
688   0,0067002
689   0,0061967
690   0,0066468
691   0,0072317
692   0,0062767
693   0,0065315
694   0,0076373
695   0,00632
 
Expo
696   0,0057123
697   0,0061377
698   0,0064848
699   0,0064699
700   0,0063175
701   0,0064306
702   0,0065215
703   0,0072095
704   0,00825
705   0,0080044
 
Projections
706   0,0067204
707   0,0063198
708   0,0061399
709   0,006025
710   0,0059519
711   0,0059085
712   0,0058847
713   0,0058722
714   0,0058666
715   0,0058666
716   0,0058713
717   0,0058806
718   0,0058954
719   0,0059139
 
Projections
720   0,016858
721   0,010141
722   0,0068549
723   0,0060311
724   0,0057191
725   0,005564
726   0,0054611
727   0,0053891
728   0,0053336
729   0,0052916
730   0,0052574
731   0,00523
732   0,0052075
733   0,0051887
734   0,0051729
735   0,0051594
736   0,0051478
737   0,0051377
738   0,0051288
739   0,0051209
740   0,0051139
741   0,0051076
742   0,005102
743   0,0050969
744   0,0050922
745   0,0050877
746   0,0050834
747   0,0050793
748   0,0050754
749   0,0050717
750   0,0050682
751   0,005065
752   0,005062
753   0,0050591
754   0,0050564
755   0,0050539
 
Basic
756   0,0056802
757   0,006122
758   0,0064339
759   0,0065293
760   0,0065034
761   0,006488
762   0,0065589
763   0,0067078
764   0,0069247
765   0,0070961
 
Projections
766   0,004974
767   0,0049741
768   0,0049741
769   0,0049741
770   0,0056204
771   0,0054359
772   0,0053607
773   0,0053043
774   0,00526
775   0,0057408
 
Proj. - Overstep
776   0,004974
777   0,0049741
778   0,0049742
779   0,0049743
780   0,0049745
781   0,0049746
782   0,0049747
783   0,0049749
784   0,004975
785   0,0049751
 
IntenGate
786   0,0056802
787   0,0061192
788   0,0067002
789   0,0061967
790   0,0066468
791   0,0072317
792   0,0062767
793   0,0065315
794   0,0076373
795   0,00632
 
Expo
796   0,0057123
797   0,0061377
798   0,0064848
799   0,0064699
800   0,0063175
801   0,0064306
802   0,0065215
803   0,0072095
804   0,00825
805   0,0080044
 
Projections
806   0,0067204
807   0,0063198
808   0,0061399
809   0,006025
810   0,0059519
811   0,0059085
812   0,0058847
813   0,0058722
814   0,0058666
815   0,0058666
816   0,0058713
817   0,0058806
818   0,0058954
819   0,0059139
 
Projections
820   0,019757
821   0,012726
822   0,0078639
823   0,0058422
824   0,0054418
825   0,0053597
826   0,0053217
827   0,0052955
828   0,0052744
829   0,0052562
830   0,0052401
831   0,0052258
832   0,005212
833   0,0051975
834   0,0051836
835   0,005171
836   0,0051599
837   0,0051499
838   0,0051407
839   0,0051322
840   0,0051243
841   0,0051169
842   0,00511
843   0,0051035
844   0,0050974
845   0,0050916
846   0,0050862
847   0,0050811
848   0,0050762
849   0,0050716
850   0,0050671
851   0,0050629
852   0,0050588
853   0,0050549
854   0,0050512
855   0,0050477
856   0,0050443
857   0,005041
858   0,0050379
859   0,0050348
860   0,0050318
861   0,0050289
862   0,0050262
 
Basic
863   0,0056802
864   0,006122
865   0,0064339
866   0,0065293
867   0,0065034
868   0,006488
869   0,0065589
870   0,0067078
871   0,0069247
872   0,0070961
 
Projections
873   0,004974
874   0,0049741
875   0,0049741
876   0,0049741
877   0,0056204
878   0,0054359
879   0,0053607
880   0,0053043
881   0,00526
882   0,0057408
 
Proj. - Overstep
883   0,004974
884   0,0049741
885   0,0049742
886   0,0049743
887   0,0049745
888   0,0049746
889   0,0049747
890   0,0049749
891   0,004975
892   0,0049751
 
IntenGate
 
 
The minimum FROG error was 0,004974
 
**************** Retrieved Field ******************
Temporal FWHM: 17,336 fs.
Spectral FWHM: 141,9 nm.
Autocorrelation FWHM: 23,602 fs.
Time-Bandwidth Product - FWHM: 0,69838
Time-Bandwidth Product - RMS: 5,7985
Time-Bandwidth Product - Temporal Laplacian: 0,63905
Time-Bandwidth Product - Spectral Laplacian: 0,76095
