SHG FROG
Grid size is 512
 
*********** Test Field. ************
Experimental FROG trace loaded from A:\MPC\2024-10-25\FROG\at fibre input\8 compressor roundtrips\50kHz 1.5bar Kr\5mm glass\scan1 .frog
Number of delay points: 512
Number of wavelength points: 512
Delay spacing: 2,93 fs
Wavelength spacing: 1,72 nm
Center wavelength: 597 nm
DataOrder: Wavelength
Read in as constant Wavelength bins
 
Data extracted from (0,166) to (511,263)
Full spectrum noise subtraction.
Full spectrum noise subtraction.
Edge noise subtraction.
Full spectrum noise subtraction.
Full spectrum noise subtraction.
Full spectrum noise subtraction.
Full spectrum noise subtraction.
Edge noise subtraction.
Edge noise subtraction.
Full spectrum noise subtraction.
Full spectrum noise subtraction.
Full spectrum noise subtraction.
Trace center in delay found at pixel 256,1
Centered wavelength by center of mass at 39,87
There were -0,3581 too many wavelength points.
Wavelength Center at pixel 39,87
Wavelength shift of -15,71 nm.
 
--- 
Central wavelength of retrieved field is 1022 nm.
 
Basic
1   0,034605
2   0,031028
3   0,028927
4   0,025322
5   0,020462
6   0,016439
7   0,013457
8   0,01263
9   0,011853
10   0,011536
11   0,01065
12   0,009808
13   0,0092689
14   0,0087842
15   0,0083433
16   0,0081253
17   0,0081001
18   0,008121
19   0,0081808
20   0,0082537
21   0,0083289
22   0,0084062
23   0,0084179
24   0,0083303
25   0,0082082
26   0,0080848
 
Projections
27   0,0076338
28   0,007544
29   0,0074835
30   0,0074403
31   0,0076311
32   0,007421
33   0,0074171
34   0,0074114
35   0,0074047
36   0,0075946
37   0,0074404
38   0,007449
39   0,0074518
40   0,0074508
41   0,0076565
42   0,0074912
43   0,007493
44   0,0074903
45   0,0074843
 
Proj. - Overstep
46   0,0073946
47   0,0073846
48   0,0073755
49   0,007365
50   0,0073527
51   0,0073411
52   0,0073347
53   0,0073321
54   0,0073311
55   0,0073324
56   0,0073355
57   0,0073405
58   0,0073482
59   0,0073581
60   0,0073724
61   0,0073839
62   0,0073934
63   0,0074
 
IntenGate
64   0,0076691
65   0,0079507
66   0,0081461
67   0,0079683
68   0,0085041
69   0,0095963
70   0,0080761
71   0,0092055
72   0,011066
73   0,0082074
 
Expo
74   0,0077477
75   0,0080329
76   0,0080585
77   0,0078396
78   0,0078759
79   0,008366
80   0,009192
81   0,0090888
82   0,0083989
83   0,015174
 
Projections
84   0,0094154
85   0,0075144
86   0,0070834
87   0,0069698
88   0,0069046
89   0,006864
90   0,0068483
91   0,006859
92   0,0068922
93   0,0069424
94   0,0069972
95   0,0070473
96   0,007089
97   0,0071225
98   0,0071481
99   0,0071665
 
Projections
100   0,017016
101   0,010203
102   0,0078519
103   0,0073405
104   0,0072175
105   0,007183
106   0,0071671
107   0,0071572
108   0,0071501
109   0,0071441
110   0,0071394
111   0,0071349
112   0,0071303
113   0,0071254
114   0,0071208
115   0,0071164
116   0,0071117
117   0,0071077
118   0,0071044
 
Basic
119   0,0072028
120   0,0078451
121   0,0081645
122   0,0084077
123   0,0085521
124   0,0086226
125   0,0086632
126   0,0086425
127   0,0085386
128   0,0084923
 
Projections
129   0,006859
130   0,0068922
131   0,0069424
132   0,0069972
133   0,0071789
134   0,0069016
135   0,0069282
136   0,0069671
137   0,0070023
138   0,0073253
 
Proj. - Overstep
139   0,0069005
140   0,0070073
141   0,0071091
142   0,0071681
143   0,0071967
144   0,0072055
145   0,007202
146   0,0071928
147   0,0071847
148   0,0071777
 
IntenGate
149   0,0072028
150   0,0078986
151   0,0083557
152   0,0071666
153   0,0082489
154   0,0092073
155   0,0073587
156   0,0085323
157   0,0094706
158   0,0076614
 
Expo
159   0,0072607
160   0,0081055
161   0,0084451
162   0,0087721
163   0,0090714
164   0,0093021
165   0,0096361
166   0,010422
167   0,01284
168   0,012365
 
Projections
169   0,0099181
170   0,0094051
171   0,0092327
172   0,0090789
173   0,00893
174   0,0087772
175   0,0086182
176   0,0084511
177   0,0082821
178   0,0081034
179   0,0079068
180   0,0077005
181   0,0074975
182   0,0072997
183   0,0071269
184   0,0069982
185   0,0069213
186   0,0068831
187   0,0068679
188   0,0068615
189   0,0068562
190   0,0068489
191   0,0068387
192   0,0068259
193   0,0068119
194   0,0067974
195   0,0067826
196   0,0067682
197   0,0067543
198   0,006741
199   0,0067289
200   0,0067174
201   0,0067068
202   0,006697
203   0,0066886
204   0,0066814
205   0,0066751
206   0,0066697
207   0,0066647
208   0,0066604
209   0,0066572
210   0,0066547
211   0,0066526
212   0,0066508
 
Projections
213   0,020917
214   0,013045
215   0,0086888
216   0,0074402
217   0,0071108
218   0,0070054
219   0,0069442
220   0,0069051
221   0,0068772
222   0,0068572
223   0,0068418
224   0,0068298
225   0,0068202
226   0,006812
227   0,0068047
228   0,0067978
229   0,0067908
230   0,0067834
231   0,0067755
232   0,0067671
233   0,006758
234   0,0067483
235   0,0067381
236   0,0067275
237   0,0067166
238   0,0067052
239   0,0066934
240   0,0066811
241   0,0066684
242   0,0066549
243   0,0066406
244   0,0066255
245   0,0066099
246   0,006594
247   0,0065777
248   0,006561
249   0,0065439
250   0,0065266
251   0,006509
252   0,006491
253   0,0064729
254   0,0064543
255   0,0064356
256   0,0064166
257   0,006397
258   0,0063768
259   0,0063561
260   0,0063353
261   0,0063146
262   0,0062941
263   0,0062738
264   0,006254
265   0,0062346
266   0,0062158
267   0,0061976
268   0,0061804
269   0,0061638
270   0,0061481
271   0,0061334
272   0,0061194
273   0,0061063
274   0,006094
275   0,0060824
276   0,0060715
277   0,0060614
278   0,0060515
279   0,0060423
280   0,0060337
281   0,0060256
282   0,006018
283   0,0060108
284   0,0060039
285   0,0059974
286   0,0059912
287   0,0059853
288   0,0059798
289   0,0059745
290   0,0059694
291   0,0059646
292   0,0059601
293   0,0059558
294   0,0059516
295   0,0059477
296   0,005944
297   0,0059404
298   0,005937
299   0,0059337
300   0,0059306
 
Basic
301   0,0065745
302   0,0073777
303   0,007976
304   0,0085402
305   0,0093182
306   0,0098193
307   0,010017
308   0,010552
309   0,011189
310   0,011248
 
Projections
311   0,0059275
312   0,0059247
313   0,0059219
314   0,0059192
315   0,0065269
316   0,0061036
317   0,0060431
318   0,0060155
319   0,0059978
320   0,0066047
321   0,0061398
322   0,0060728
323   0,0060431
324   0,0060246
325   0,0067602
 
Proj. - Overstep
326   0,0059142
327   0,0059096
328   0,0059053
329   0,0059013
330   0,0058976
331   0,0058942
332   0,0058909
333   0,0058879
334   0,0058851
335   0,0058824
 
IntenGate
336   0,006561
337   0,006774
338   0,0076666
339   0,0073842
340   0,0078692
341   0,010499
342   0,008243
343   0,0080448
344   0,010556
345   0,0083174
 
Expo
346   0,0066604
347   0,0076548
348   0,0083411
349   0,0088159
350   0,0086067
351   0,0093819
352   0,0095307
353   0,0099582
354   0,013791
355   0,015828
 
Projections
356   0,0090958
357   0,0076146
358   0,0069192
359   0,0066345
360   0,0064833
361   0,0063963
362   0,0063429
363   0,0063055
364   0,0062754
365   0,006248
366   0,0062231
367   0,0062
368   0,0061791
369   0,0061598
370   0,0061418
371   0,0061247
372   0,0061087
373   0,0060939
374   0,0060798
375   0,0060664
376   0,0060541
377   0,0060427
378   0,0060319
379   0,0060218
380   0,0060122
381   0,0060029
382   0,0059936
383   0,0059845
384   0,0059756
385   0,005967
386   0,005959
387   0,0059515
388   0,0059445
389   0,0059383
390   0,0059328
391   0,0059279
392   0,0059236
393   0,0059199
394   0,0059171
395   0,0059154
396   0,0059152
 
Projections
397   0,019513
398   0,011293
399   0,0073442
400   0,0063987
401   0,0061982
402   0,0061476
403   0,0061111
404   0,0060909
405   0,0060777
406   0,0060678
407   0,0060593
408   0,0060517
409   0,0060448
410   0,0060383
411   0,0060323
412   0,0060268
413   0,0060216
414   0,0060164
415   0,0060116
416   0,0060068
417   0,0060021
418   0,0059975
419   0,005993
420   0,0059884
421   0,0059838
422   0,0059791
423   0,0059744
424   0,0059698
425   0,0059651
426   0,0059603
427   0,0059554
428   0,0059506
429   0,0059457
430   0,0059408
431   0,005936
432   0,0059311
433   0,0059262
434   0,0059215
435   0,0059167
436   0,005912
437   0,0059072
438   0,0059025
439   0,0058976
440   0,0058927
441   0,0058879
442   0,0058831
443   0,0058783
444   0,0058737
445   0,0058692
446   0,0058648
447   0,0058605
448   0,0058564
449   0,0058526
450   0,0058489
451   0,0058455
452   0,0058421
453   0,005839
454   0,0058361
 
Basic
455   0,006292
456   0,0070437
457   0,008038
458   0,0089725
459   0,0096028
460   0,010308
461   0,010893
462   0,010797
463   0,010625
464   0,010712
 
Projections
465   0,0058334
466   0,0058309
467   0,0058286
468   0,0058265
469   0,0062592
470   0,0057986
471   0,0057504
472   0,0057507
473   0,0057557
474   0,0064088
475   0,0058904
476   0,0057896
477   0,0057696
478   0,0057652
479   0,006503
480   0,0058788
 
Proj. - Overstep
481   0,0057588
482   0,005771
483   0,005779
484   0,0057848
485   0,0057889
486   0,005792
487   0,0057945
488   0,0057969
489   0,0057992
490   0,0058014
 
IntenGate
491   0,0064304
492   0,0068695
493   0,006988
494   0,0065034
495   0,0069803
496   0,0079796
497   0,0072379
498   0,0074388
499   0,0096235
500   0,0077078
 
Expo
501   0,0065285
502   0,0076356
503   0,0093204
504   0,010085
505   0,010486
506   0,010828
507   0,0092204
508   0,0099897
509   0,0090473
510   0,014739
 
Projections
511   0,0079457
512   0,0066399
513   0,0065382
514   0,0065092
515   0,0065059
516   0,006513
517   0,006525
518   0,0065412
519   0,0065609
520   0,0065835
521   0,0066078
 
Projections
522   0,019062
523   0,01074
524   0,0068984
525   0,0060192
526   0,0058534
527   0,005868
528   0,0058764
529   0,0058789
530   0,0058789
531   0,005878
532   0,0058769
533   0,0058757
534   0,0058745
 
Basic
535   0,0064304
536   0,0074054
537   0,0086656
538   0,009558
539   0,010381
540   0,011006
541   0,010689
542   0,010155
543   0,010132
544   0,01052
 
Projections
545   0,0057507
546   0,0057557
547   0,0057612
548   0,0057662
549   0,0062917
550   0,005833
551   0,0057616
552   0,0057517
553   0,0057521
554   0,0064618
 
Proj. - Overstep
555   0,0057588
556   0,005771
557   0,005779
558   0,0057848
559   0,0057889
560   0,005792
561   0,0057945
562   0,0057969
563   0,0057992
564   0,0058014
 
IntenGate
565   0,0064304
566   0,0068695
567   0,006988
568   0,0065034
569   0,0069803
570   0,0079796
571   0,0072379
572   0,0074388
573   0,0096235
574   0,0077078
 
Expo
575   0,0065285
576   0,0076356
577   0,0093204
578   0,010085
579   0,010486
580   0,010828
581   0,0092204
582   0,0099897
583   0,0090473
584   0,014739
 
Projections
585   0,0079457
586   0,0066399
587   0,0065382
588   0,0065092
589   0,0065059
590   0,006513
591   0,006525
592   0,0065412
593   0,0065609
594   0,0065835
595   0,0066078
 
Projections
596   0,017738
597   0,0099425
598   0,0067624
599   0,0060624
600   0,0059377
601   0,0059172
602   0,0058922
603   0,0058732
604   0,005858
605   0,0058473
606   0,0058407
607   0,0058365
608   0,0058342
609   0,0058334
610   0,0058331
611   0,0058326
612   0,0058317
 
Basic
613   0,0064304
614   0,0074054
615   0,0086656
616   0,009558
617   0,010381
618   0,011006
619   0,010689
620   0,010155
621   0,010132
622   0,01052
 
Projections
623   0,0057507
624   0,0057557
625   0,0057612
626   0,0057662
627   0,0062917
628   0,005833
629   0,0057616
630   0,0057517
631   0,0057521
632   0,0064618
 
Proj. - Overstep
633   0,0057588
634   0,005771
635   0,005779
636   0,0057848
637   0,0057889
638   0,005792
639   0,0057945
640   0,0057969
641   0,0057992
642   0,0058014
 
IntenGate
643   0,0064304
644   0,0068695
645   0,006988
646   0,0065034
647   0,0069803
648   0,0079796
649   0,0072379
650   0,0074388
651   0,0096235
652   0,0077078
 
Expo
653   0,0065285
654   0,0076356
655   0,0093204
656   0,010085
657   0,010486
658   0,010828
659   0,0092204
660   0,0099897
661   0,0090473
662   0,014739
 
Projections
663   0,0079457
664   0,0066399
665   0,0065382
666   0,0065092
667   0,0065059
668   0,006513
669   0,006525
670   0,0065412
671   0,0065609
672   0,0065835
673   0,0066078
 
Projections
674   0,020129
675   0,011624
676   0,0072544
677   0,0060694
678   0,0059139
679   0,0059553
680   0,0059697
681   0,0059689
682   0,0059652
683   0,0059613
684   0,0059576
685   0,0059537
686   0,0059498
 
Basic
687   0,0064304
688   0,0074054
689   0,0086656
690   0,009558
691   0,010381
692   0,011006
693   0,010689
694   0,010155
695   0,010132
696   0,01052
 
Projections
697   0,0057507
698   0,0057557
699   0,0057612
700   0,0057662
701   0,0062917
702   0,005833
703   0,0057616
704   0,0057517
705   0,0057521
706   0,0064618
 
Proj. - Overstep
707   0,0057588
708   0,005771
709   0,005779
710   0,0057848
711   0,0057889
712   0,005792
713   0,0057945
714   0,0057969
715   0,0057992
716   0,0058014
 
IntenGate
717   0,0064304
718   0,0068695
719   0,006988
720   0,0065034
721   0,0069803
722   0,0079796
723   0,0072379
724   0,0074388
725   0,0096235
726   0,0077078
 
Expo
727   0,0065285
728   0,0076356
729   0,0093204
730   0,010085
731   0,010486
732   0,010828
733   0,0092204
734   0,0099897
735   0,0090473
736   0,014739
 
Projections
737   0,0079457
738   0,0066399
739   0,0065382
740   0,0065092
741   0,0065059
742   0,006513
743   0,006525
744   0,0065412
745   0,0065609
746   0,0065835
747   0,0066078
 
Projections
748   0,01976
749   0,011505
750   0,0074532
751   0,0063721
752   0,0060975
753   0,0060611
754   0,0060479
755   0,0060362
756   0,0060268
757   0,0060196
758   0,0060132
759   0,0060075
760   0,0060023
761   0,0059974
762   0,0059929
763   0,0059887
764   0,0059848
765   0,0059813
766   0,0059781
767   0,0059751
768   0,0059723
 
Basic
769   0,0064304
770   0,0074054
771   0,0086656
772   0,009558
773   0,010381
774   0,011006
775   0,010689
776   0,010155
777   0,010132
778   0,01052
 
Projections
779   0,0057507
780   0,0057557
781   0,0057612
782   0,0057662
783   0,0062917
784   0,005833
785   0,0057616
786   0,0057517
787   0,0057521
788   0,0064618
 
Proj. - Overstep
789   0,0057588
790   0,005771
791   0,005779
792   0,0057848
793   0,0057889
794   0,005792
795   0,0057945
796   0,0057969
797   0,0057992
798   0,0058014
 
IntenGate
799   0,0064304
800   0,0068695
801   0,006988
802   0,0065034
803   0,0069803
804   0,0079796
805   0,0072379
806   0,0074388
807   0,0096235
808   0,0077078
 
Expo
809   0,0065285
810   0,0076356
811   0,0093204
812   0,010085
813   0,010486
814   0,010828
815   0,0092204
816   0,0099897
817   0,0090473
818   0,014739
 
Projections
819   0,0079457
820   0,0066399
821   0,0065382
822   0,0065092
823   0,0065059
824   0,006513
825   0,006525
826   0,0065412
827   0,0065609
828   0,0065835
829   0,0066078
 
Projections
830   0,02219
831   0,013637
832   0,0084155
833   0,006557
834   0,0060706
835   0,005875
836   0,0058241
837   0,0058027
838   0,0057927
839   0,005789
840   0,0057882
841   0,0057889
842   0,0057903
843   0,0057919
844   0,0057935
845   0,0057952
 
Basic
846   0,0064304
847   0,0074054
848   0,0086656
849   0,009558
850   0,010381
851   0,011006
852   0,010689
853   0,010155
854   0,010132
855   0,01052
 
Projections
856   0,0057507
857   0,0057557
858   0,0057612
859   0,0057662
860   0,0062917
861   0,005833
862   0,0057616
863   0,0057517
864   0,0057521
865   0,0064618
 
Proj. - Overstep
866   0,0057588
867   0,005771
868   0,005779
869   0,0057848
870   0,0057889
871   0,005792
872   0,0057945
873   0,0057969
874   0,0057992
875   0,0058014
 
IntenGate
876   0,0064304
877   0,0068695
878   0,006988
879   0,0065034
880   0,0069803
881   0,0079796
882   0,0072379
883   0,0074388
884   0,0096235
885   0,0077078
 
Expo
886   0,0065285
887   0,0076356
888   0,0093204
889   0,010085
890   0,010486
891   0,010828
892   0,0092204
893   0,0099897
894   0,0090473
895   0,014739
 
Projections
896   0,0079457
897   0,0066399
898   0,0065382
899   0,0065092
900   0,0065059
901   0,006513
902   0,006525
903   0,0065412
904   0,0065609
905   0,0065835
906   0,0066078
 
Projections
907   0,020261
908   0,012584
909   0,0088253
910   0,0076469
911   0,0070187
912   0,0067371
913   0,0065667
914   0,0064499
915   0,0063628
916   0,0062941
917   0,0062381
918   0,006192
919   0,0061541
920   0,0061228
921   0,0060968
922   0,0060748
923   0,0060558
924   0,0060393
925   0,0060248
926   0,0060119
927   0,0060002
928   0,0059898
929   0,0059804
930   0,0059721
931   0,0059645
932   0,0059576
933   0,0059513
934   0,0059455
935   0,0059402
936   0,0059353
937   0,0059308
938   0,0059265
939   0,0059226
940   0,0059188
941   0,0059152
942   0,0059116
943   0,0059082
944   0,0059048
945   0,0059017
 
Basic
946   0,0064304
947   0,0074054
948   0,0086656
949   0,009558
950   0,010381
951   0,011006
952   0,010689
953   0,010155
954   0,010132
955   0,01052
 
Projections
956   0,0057507
957   0,0057557
958   0,0057612
959   0,0057662
960   0,0062917
961   0,005833
962   0,0057616
963   0,0057517
964   0,0057521
965   0,0064618
 
Proj. - Overstep
966   0,0057588
967   0,005771
968   0,005779
969   0,0057848
970   0,0057889
971   0,005792
972   0,0057945
973   0,0057969
974   0,0057992
975   0,0058014
 
IntenGate
976   0,0064304
977   0,0068695
978   0,006988
979   0,0065034
980   0,0069803
981   0,0079796
982   0,0072379
983   0,0074388
984   0,0096235
985   0,0077078
 
Expo
986   0,0065285
987   0,0076356
988   0,0093204
989   0,010085
990   0,010486
991   0,010828
992   0,0092204
993   0,0099897
994   0,0090473
995   0,014739
 
Projections
996   0,0079457
997   0,0066399
998   0,0065382
999   0,0065092
1000   0,0065059
1001   0,006513
1002   0,006525
1003   0,0065412
1004   0,0065609
1005   0,0065835
1006   0,0066078
 
Projections
1007   0,016267
1008   0,0092374
1009   0,0065069
1010   0,0059363
1011   0,0058259
1012   0,0058446
1013   0,0058756
1014   0,0058934
1015   0,0059025
1016   0,0059071
1017   0,0059095
1018   0,0059106
 
Basic
1019   0,0064304
1020   0,0074054
1021   0,0086656
1022   0,009558
1023   0,010381
1024   0,011006
1025   0,010689
1026   0,010155
1027   0,010132
1028   0,01052
 
Projections
1029   0,0057507
1030   0,0057557
1031   0,0057612
1032   0,0057662
1033   0,0062917
1034   0,005833
1035   0,0057616
1036   0,0057517
1037   0,0057521
1038   0,0064618
 
Proj. - Overstep
1039   0,0057588
1040   0,005771
1041   0,005779
1042   0,0057848
1043   0,0057889
1044   0,005792
1045   0,0057945
1046   0,0057969
1047   0,0057992
1048   0,0058014
 
IntenGate
1049   0,0064304
1050   0,0068695
1051   0,006988
1052   0,0065034
1053   0,0069803
1054   0,0079796
1055   0,0072379
1056   0,0074388
1057   0,0096235
1058   0,0077078
 
Expo
1059   0,0065285
1060   0,0076356
1061   0,0093204
1062   0,010085
1063   0,010486
1064   0,010828
1065   0,0092204
1066   0,0099897
1067   0,0090473
1068   0,014739
 
Projections
1069   0,0079457
1070   0,0066399
1071   0,0065382
1072   0,0065092
1073   0,0065059
1074   0,006513
1075   0,006525
1076   0,0065412
1077   0,0065609
1078   0,0065835
1079   0,0066078
 
Projections
1080   0,019107
1081   0,011009
1082   0,0072336
1083   0,006356
1084   0,006166
1085   0,0060971
1086   0,0060551
1087   0,0060254
1088   0,0060022
1089   0,0059834
1090   0,0059676
1091   0,0059537
1092   0,0059417
1093   0,0059313
1094   0,0059222
1095   0,0059142
1096   0,0059069
1097   0,0059004
1098   0,0058946
1099   0,0058893
1100   0,0058843
1101   0,0058796
1102   0,0058753
1103   0,0058714
1104   0,0058677
1105   0,0058642
1106   0,0058609
1107   0,0058579
1108   0,005855
 
Basic
1109   0,0064304
1110   0,0074054
1111   0,0086656
1112   0,009558
1113   0,010381
1114   0,011006
1115   0,010689
1116   0,010155
1117   0,010132
1118   0,01052
 
Projections
1119   0,0057507
1120   0,0057557
1121   0,0057612
1122   0,0057662
1123   0,0062917
1124   0,005833
1125   0,0057616
1126   0,0057517
1127   0,0057521
1128   0,0064618
 
Proj. - Overstep
1129   0,0057588
1130   0,005771
1131   0,005779
1132   0,0057848
1133   0,0057889
1134   0,005792
1135   0,0057945
1136   0,0057969
1137   0,0057992
1138   0,0058014
 
IntenGate
1139   0,0064304
1140   0,0068695
1141   0,006988
1142   0,0065034
1143   0,0069803
1144   0,0079796
1145   0,0072379
1146   0,0074388
1147   0,0096235
1148   0,0077078
 
Expo
1149   0,0065285
1150   0,0076356
1151   0,0093204
1152   0,010085
1153   0,010486
1154   0,010828
1155   0,0092204
1156   0,0099897
1157   0,0090473
1158   0,014739
 
Projections
1159   0,0079457
1160   0,0066399
1161   0,0065382
1162   0,0065092
1163   0,0065059
1164   0,006513
1165   0,006525
1166   0,0065412
1167   0,0065609
1168   0,0065835
1169   0,0066078
 
Projections
1170   0,016393
1171   0,0093444
1172   0,0068057
1173   0,0062648
1174   0,0061281
1175   0,0060796
1176   0,0060481
1177   0,0060247
1178   0,0060068
1179   0,0059921
1180   0,0059794
1181   0,0059693
1182   0,0059606
1183   0,0059529
1184   0,0059461
1185   0,0059399
1186   0,0059341
1187   0,0059287
1188   0,0059238
1189   0,0059192
1190   0,0059151
1191   0,0059113
1192   0,0059077
1193   0,0059045
1194   0,0059015
1195   0,0058987
1196   0,0058961
 
Basic
1197   0,0064304
1198   0,0074054
1199   0,0086656
1200   0,009558
1201   0,010381
1202   0,011006
1203   0,010689
1204   0,010155
1205   0,010132
1206   0,01052
 
Projections
1207   0,0057507
1208   0,0057557
1209   0,0057612
1210   0,0057662
1211   0,0062917
1212   0,005833
1213   0,0057616
1214   0,0057517
1215   0,0057521
1216   0,0064618
 
Proj. - Overstep
1217   0,0057588
1218   0,005771
1219   0,005779
1220   0,0057848
1221   0,0057889
1222   0,005792
1223   0,0057945
1224   0,0057969
1225   0,0057992
1226   0,0058014
 
IntenGate
1227   0,0064304
1228   0,0068695
1229   0,006988
1230   0,0065034
1231   0,0069803
1232   0,0079796
1233   0,0072379
1234   0,0074388
1235   0,0096235
1236   0,0077078
 
Expo
1237   0,0065285
1238   0,0076356
1239   0,0093204
1240   0,010085
1241   0,010486
1242   0,010828
1243   0,0092204
1244   0,0099897
1245   0,0090473
1246   0,014739
 
Projections
1247   0,0079457
1248   0,0066399
1249   0,0065382
1250   0,0065092
1251   0,0065059
1252   0,006513
1253   0,006525
1254   0,0065412
1255   0,0065609
1256   0,0065835
1257   0,0066078
 
Projections
1258   0,018504
1259   0,01048
1260   0,0069229
1261   0,0060347
1262   0,0057951
1263   0,0057581
1264   0,0057515
1265   0,0057556
1266   0,0057626
1267   0,0057695
1268   0,0057754
1269   0,0057805
1270   0,0057848
 
Basic
1271   0,0064304
1272   0,0074054
1273   0,0086656
1274   0,009558
1275   0,010381
1276   0,011006
1277   0,010689
1278   0,010155
1279   0,010132
1280   0,01052
 
Projections
1281   0,0057507
1282   0,0057557
1283   0,0057612
1284   0,0057662
1285   0,0062917
1286   0,005833
1287   0,0057616
1288   0,0057517
1289   0,0057521
1290   0,0064618
 
Proj. - Overstep
1291   0,0057588
1292   0,005771
1293   0,005779
1294   0,0057848
1295   0,0057889
1296   0,005792
1297   0,0057945
1298   0,0057969
1299   0,0057992
1300   0,0058014
 
IntenGate
1301   0,0064304
1302   0,0068695
1303   0,006988
1304   0,0065034
1305   0,0069803
1306   0,0079796
1307   0,0072379
1308   0,0074388
1309   0,0096235
1310   0,0077078
 
Expo
1311   0,0065285
1312   0,0076356
1313   0,0093204
1314   0,010085
1315   0,010486
1316   0,010828
1317   0,0092204
1318   0,0099897
1319   0,0090473
1320   0,014739
 
Projections
1321   0,0079457
1322   0,0066399
1323   0,0065382
1324   0,0065092
1325   0,0065059
1326   0,006513
1327   0,006525
1328   0,0065412
1329   0,0065609
1330   0,0065835
1331   0,0066078
 
Projections
1332   0,020119
1333   0,012208
1334   0,0082024
1335   0,0072605
1336   0,0068882
1337   0,0066696
1338   0,0065216
1339   0,0064124
1340   0,0063305
1341   0,006268
1342   0,0062208
1343   0,0061824
1344   0,0061504
1345   0,0061232
1346   0,0060996
1347   0,006079
1348   0,0060609
1349   0,0060447
1350   0,0060302
1351   0,006017
1352   0,006005
1353   0,005994
1354   0,0059839
1355   0,0059746
1356   0,005966
1357   0,005958
1358   0,0059506
1359   0,0059437
1360   0,0059372
1361   0,0059312
1362   0,0059256
1363   0,0059203
1364   0,0059153
1365   0,0059106
1366   0,0059061
1367   0,0059019
1368   0,0058979
1369   0,005894
1370   0,0058904
1371   0,0058869
1372   0,0058835
1373   0,0058803
1374   0,0058772
 
Basic
1375   0,0064304
1376   0,0074054
1377   0,0086656
1378   0,009558
1379   0,010381
1380   0,011006
1381   0,010689
1382   0,010155
1383   0,010132
1384   0,01052
 
Projections
1385   0,0057507
1386   0,0057557
1387   0,0057612
1388   0,0057662
1389   0,0062917
1390   0,005833
1391   0,0057616
1392   0,0057517
1393   0,0057521
1394   0,0064618
 
Proj. - Overstep
1395   0,0057588
1396   0,005771
1397   0,005779
1398   0,0057848
1399   0,0057889
1400   0,005792
1401   0,0057945
1402   0,0057969
1403   0,0057992
1404   0,0058014
 
IntenGate
1405   0,0064304
1406   0,0068695
1407   0,006988
1408   0,0065034
1409   0,0069803
1410   0,0079796
1411   0,0072379
1412   0,0074388
1413   0,0096235
1414   0,0077078
 
Expo
1415   0,0065285
1416   0,0076356
1417   0,0093204
1418   0,010085
1419   0,010486
1420   0,010828
1421   0,0092204
1422   0,0099897
1423   0,0090473
1424   0,014739
 
Projections
1425   0,0079457
1426   0,0066399
1427   0,0065382
1428   0,0065092
1429   0,0065059
1430   0,006513
1431   0,006525
1432   0,0065412
1433   0,0065609
1434   0,0065835
1435   0,0066078
 
Projections
1436   0,020673
1437   0,012296
1438   0,007677
1439   0,0062141
1440   0,00587
1441   0,0057746
1442   0,0057212
1443   0,005685
1444   0,0056593
1445   0,0056407
1446   0,005628
1447   0,00562
1448   0,0056157
1449   0,0056141
1450   0,0056144
1451   0,0056152
1452   0,0056176
1453   0,0056211
1454   0,0056254
1455   0,0056303
1456   0,0056355
1457   0,0056409
1458   0,0056466
 
Basic
1459   0,0072428
1460   0,0078659
1461   0,0083351
1462   0,0088747
1463   0,009774
1464   0,010407
1465   0,010926
1466   0,011569
1467   0,011792
1468   0,011998
 
Projections
1469   0,0056144
1470   0,0056152
1471   0,0056176
1472   0,0056211
1473   0,0072302
1474   0,0058795
1475   0,0057924
1476   0,0057691
1477   0,0057602
1478   0,0076054
 
Proj. - Overstep
1479   0,005616
1480   0,0056211
1481   0,0056308
1482   0,0056416
1483   0,0056534
1484   0,0056656
1485   0,0056779
1486   0,0056898
1487   0,0057012
1488   0,005712
 
IntenGate
1489   0,0072428
1490   0,0063361
1491   0,0070244
1492   0,007506
1493   0,0071329
1494   0,0087783
1495   0,0077722
1496   0,0096439
1497   0,012344
1498   0,0092869
 
Expo
1499   0,0074753
1500   0,0080822
1501   0,0086461
1502   0,0094431
1503   0,010742
1504   0,010683
1505   0,012143
1506   0,010234
1507   0,013976
1508   0,019425
 
Projections
1509   0,01087
1510   0,0085859
1511   0,0079098
1512   0,0077276
1513   0,0076196
1514   0,0075517
1515   0,0075066
1516   0,0074737
1517   0,0074437
1518   0,007414
1519   0,0073826
1520   0,0073507
1521   0,0073153
1522   0,0072789
1523   0,0072405
1524   0,0071967
1525   0,0071485
1526   0,007098
1527   0,0070476
1528   0,0069973
1529   0,0069507
1530   0,0069085
1531   0,0068698
1532   0,006834
1533   0,0068017
1534   0,0067722
1535   0,0067443
1536   0,0067176
1537   0,0066927
1538   0,0066694
1539   0,0066465
1540   0,0066231
1541   0,0066011
1542   0,0065797
1543   0,006559
1544   0,0065388
1545   0,006519
1546   0,0064996
1547   0,0064794
1548   0,0064582
1549   0,0064362
1550   0,0064146
1551   0,0063928
1552   0,0063711
1553   0,0063488
1554   0,0063255
1555   0,0063031
1556   0,0062821
1557   0,0062613
1558   0,0062403
1559   0,0062206
1560   0,0062021
1561   0,0061843
1562   0,0061663
1563   0,0061487
1564   0,0061318
1565   0,0061152
1566   0,006099
1567   0,0060831
1568   0,0060699
1569   0,0060602
1570   0,0060544
1571   0,006052
1572   0,0060526
1573   0,0060556
1574   0,0060604
1575   0,0060663
 
Projections
1576   0,016731
1577   0,010051
1578   0,0073244
1579   0,0064499
1580   0,006124
1581   0,0060389
1582   0,0060084
1583   0,0059829
1584   0,005966
1585   0,0059547
1586   0,0059459
1587   0,0059381
1588   0,0059311
1589   0,0059245
1590   0,0059185
1591   0,0059129
1592   0,0059077
1593   0,0059029
1594   0,0058984
1595   0,0058943
1596   0,0058905
1597   0,0058869
1598   0,0058836
1599   0,0058805
1600   0,0058776
1601   0,0058749
 
Basic
1602   0,0072428
1603   0,0078659
1604   0,0083351
1605   0,0088747
1606   0,009774
1607   0,010407
1608   0,010926
1609   0,011569
1610   0,011792
1611   0,011998
 
Projections
1612   0,0056144
1613   0,0056152
1614   0,0056176
1615   0,0056211
1616   0,0072302
1617   0,0058795
1618   0,0057924
1619   0,0057691
1620   0,0057602
1621   0,0076054
 
Proj. - Overstep
1622   0,005616
1623   0,0056211
1624   0,0056308
1625   0,0056416
1626   0,0056534
1627   0,0056656
1628   0,0056779
1629   0,0056898
1630   0,0057012
1631   0,005712
 
IntenGate
1632   0,0072428
1633   0,0063361
1634   0,0070244
1635   0,007506
1636   0,0071329
1637   0,0087783
1638   0,0077722
1639   0,0096439
1640   0,012344
1641   0,0092869
 
Expo
1642   0,0074753
1643   0,0080822
1644   0,0086461
1645   0,0094431
1646   0,010742
1647   0,010683
1648   0,012143
1649   0,010234
1650   0,013976
1651   0,019425
 
Projections
1652   0,01087
1653   0,0085859
1654   0,0079098
1655   0,0077276
1656   0,0076196
1657   0,0075517
1658   0,0075066
1659   0,0074737
1660   0,0074437
1661   0,007414
1662   0,0073826
1663   0,0073507
1664   0,0073153
1665   0,0072789
1666   0,0072405
1667   0,0071967
1668   0,0071485
1669   0,007098
1670   0,0070476
1671   0,0069973
1672   0,0069507
1673   0,0069085
1674   0,0068698
1675   0,006834
1676   0,0068017
1677   0,0067722
1678   0,0067443
1679   0,0067176
1680   0,0066927
1681   0,0066694
1682   0,0066465
1683   0,0066231
1684   0,0066011
1685   0,0065797
1686   0,006559
1687   0,0065388
1688   0,006519
1689   0,0064996
1690   0,0064794
1691   0,0064582
1692   0,0064362
1693   0,0064146
1694   0,0063928
1695   0,0063711
1696   0,0063488
1697   0,0063255
1698   0,0063031
1699   0,0062821
1700   0,0062613
1701   0,0062403
1702   0,0062206
1703   0,0062021
1704   0,0061843
1705   0,0061663
1706   0,0061487
1707   0,0061318
1708   0,0061152
1709   0,006099
1710   0,0060831
1711   0,0060699
1712   0,0060602
1713   0,0060544
1714   0,006052
1715   0,0060526
1716   0,0060556
1717   0,0060604
1718   0,0060663
 
Projections
1719   0,019881
1720   0,011735
1721   0,0076112
1722   0,0063142
1723   0,0058817
1724   0,0057573
1725   0,0057095
1726   0,0056911
1727   0,0056846
1728   0,0056834
1729   0,0056853
1730   0,0056887
1731   0,0056929
1732   0,0056974
1733   0,0057021
 
Basic
1734   0,0072428
1735   0,0078659
1736   0,0083351
1737   0,0088747
1738   0,009774
1739   0,010407
1740   0,010926
1741   0,011569
1742   0,011792
1743   0,011998
 
Projections
1744   0,0056144
1745   0,0056152
1746   0,0056176
1747   0,0056211
1748   0,0072302
1749   0,0058795
1750   0,0057924
1751   0,0057691
1752   0,0057602
1753   0,0076054
 
Proj. - Overstep
1754   0,005616
1755   0,0056211
1756   0,0056308
1757   0,0056416
1758   0,0056534
1759   0,0056656
1760   0,0056779
1761   0,0056898
1762   0,0057012
1763   0,005712
 
IntenGate
1764   0,0072428
1765   0,0063361
1766   0,0070244
1767   0,007506
1768   0,0071329
1769   0,0087783
1770   0,0077722
1771   0,0096439
1772   0,012344
1773   0,0092869
 
Expo
1774   0,0074753
1775   0,0080822
1776   0,0086461
1777   0,0094431
1778   0,010742
1779   0,010683
1780   0,012143
1781   0,010234
1782   0,013976
1783   0,019425
 
Projections
1784   0,01087
1785   0,0085859
1786   0,0079098
1787   0,0077276
1788   0,0076196
1789   0,0075517
1790   0,0075066
1791   0,0074737
1792   0,0074437
1793   0,007414
1794   0,0073826
1795   0,0073507
1796   0,0073153
1797   0,0072789
1798   0,0072405
1799   0,0071967
1800   0,0071485
1801   0,007098
1802   0,0070476
1803   0,0069973
1804   0,0069507
1805   0,0069085
1806   0,0068698
1807   0,006834
1808   0,0068017
1809   0,0067722
1810   0,0067443
1811   0,0067176
1812   0,0066927
1813   0,0066694
1814   0,0066465
1815   0,0066231
1816   0,0066011
1817   0,0065797
1818   0,006559
1819   0,0065388
1820   0,006519
1821   0,0064996
1822   0,0064794
1823   0,0064582
1824   0,0064362
1825   0,0064146
1826   0,0063928
1827   0,0063711
1828   0,0063488
1829   0,0063255
1830   0,0063031
1831   0,0062821
1832   0,0062613
1833   0,0062403
1834   0,0062206
1835   0,0062021
1836   0,0061843
1837   0,0061663
1838   0,0061487
1839   0,0061318
1840   0,0061152
1841   0,006099
1842   0,0060831
1843   0,0060699
1844   0,0060602
1845   0,0060544
1846   0,006052
1847   0,0060526
1848   0,0060556
1849   0,0060604
1850   0,0060663
 
Projections
1851   0,021713
1852   0,013534
1853   0,00814
1854   0,0059921
1855   0,0055409
1856   0,0054485
1857   0,0054546
1858   0,0054686
1859   0,0054824
1860   0,0054949
1861   0,0055061
1862   0,0055163
1863   0,0055258
1864   0,005535
1865   0,0055439
 
Basic
1866   0,0060525
1867   0,0063664
1868   0,0065733
1869   0,0069932
1870   0,0079722
1871   0,0092021
1872   0,01025
1873   0,011055
1874   0,011499
1875   0,012115
 
Projections
1876   0,0054546
1877   0,0054686
1878   0,0054824
1879   0,0054949
1880   0,0060391
1881   0,0056005
1882   0,0055388
1883   0,0055372
1884   0,0055461
1885   0,0062546
 
Proj. - Overstep
1886   0,0055058
1887   0,0055012
1888   0,0055311
1889   0,0055441
1890   0,005561
1891   0,005577
1892   0,0055925
1893   0,0056072
1894   0,0056211
1895   0,0056342
 
IntenGate
1896   0,0060525
1897   0,0078897
1898   0,0089498
1899   0,0068959
1900   0,0072803
1901   0,0081358
1902   0,0071372
1903   0,0097008
1904   0,01045
1905   0,008142
 
Expo
1906   0,0061778
1907   0,0065162
1908   0,0066958
1909   0,0072924
1910   0,0089212
1911   0,0098646
1912   0,010588
1913   0,011511
1914   0,013897
1915   0,013714
 
Projections
1916   0,0089434
1917   0,0077287
1918   0,0074953
1919   0,0073593
1920   0,007268
1921   0,0072026
1922   0,0071486
1923   0,0071037
1924   0,0070673
1925   0,0070366
1926   0,0070103
1927   0,0069878
1928   0,0069677
1929   0,0069495
1930   0,0069335
1931   0,0069181
1932   0,0069032
1933   0,0068886
1934   0,0068745
1935   0,0068605
1936   0,0068467
1937   0,0068329
1938   0,0068193
1939   0,0068059
1940   0,0067925
1941   0,0067791
1942   0,0067658
1943   0,0067525
1944   0,0067392
1945   0,0067259
1946   0,0067125
1947   0,0066993
1948   0,0066864
1949   0,0066735
1950   0,0066609
1951   0,0066483
1952   0,0066359
1953   0,0066234
1954   0,006611
1955   0,0065985
1956   0,006586
1957   0,0065735
1958   0,0065608
1959   0,006548
1960   0,0065351
1961   0,0065219
1962   0,0065085
1963   0,0064947
1964   0,0064798
1965   0,0064633
1966   0,0064457
1967   0,0064277
1968   0,0064088
1969   0,0063888
1970   0,0063677
1971   0,0063456
1972   0,0063227
1973   0,0062974
1974   0,0062723
1975   0,0062474
1976   0,0062232
1977   0,0062002
1978   0,0061786
1979   0,0061586
1980   0,0061402
1981   0,0061232
1982   0,0061077
1983   0,0060933
1984   0,0060801
1985   0,0060678
1986   0,0060564
1987   0,0060458
1988   0,0060359
1989   0,0060267
1990   0,0060181
1991   0,00601
1992   0,0060025
1993   0,0059954
1994   0,0059888
1995   0,0059825
1996   0,0059767
1997   0,0059711
1998   0,005966
1999   0,0059611
2000   0,0059565
2001   0,0059522
2002   0,0059482
2003   0,0059444
2004   0,0059408
2005   0,0059376
2006   0,0059345
2007   0,0059318
 
Projections
2008   0,018062
2009   0,010409
2010   0,0068649
2011   0,0060284
2012   0,0058051
2013   0,0057229
2014   0,0056891
2015   0,0056744
2016   0,0056663
2017   0,0056589
2018   0,0056521
2019   0,0056465
2020   0,0056433
2021   0,0056422
2022   0,0056429
2023   0,0056449
2024   0,0056479
 
Basic
2025   0,0060525
2026   0,0063664
2027   0,0065733
2028   0,0069932
2029   0,0079722
2030   0,0092021
2031   0,01025
2032   0,011055
2033   0,011499
2034   0,012115
 
Projections
2035   0,0054546
2036   0,0054686
2037   0,0054824
2038   0,0054949
2039   0,0060391
2040   0,0056005
2041   0,0055388
2042   0,0055372
2043   0,0055461
2044   0,0062546
 
Proj. - Overstep
2045   0,0055058
2046   0,0055012
2047   0,0055311
2048   0,0055441
2049   0,005561
2050   0,005577
2051   0,0055925
2052   0,0056072
2053   0,0056211
2054   0,0056342
 
IntenGate
2055   0,0060525
2056   0,0078897
2057   0,0089498
2058   0,0068959
2059   0,0072803
2060   0,0081358
2061   0,0071372
2062   0,0097008
2063   0,01045
2064   0,008142
 
Expo
2065   0,0061778
2066   0,0065162
2067   0,0066958
2068   0,0072924
2069   0,0089212
2070   0,0098646
2071   0,010588
2072   0,011511
2073   0,013897
2074   0,013714
 
Projections
2075   0,0089434
2076   0,0077287
2077   0,0074953
2078   0,0073593
2079   0,007268
2080   0,0072026
2081   0,0071486
2082   0,0071037
2083   0,0070673
2084   0,0070366
2085   0,0070103
2086   0,0069878
2087   0,0069677
2088   0,0069495
2089   0,0069335
2090   0,0069181
2091   0,0069032
2092   0,0068886
2093   0,0068745
2094   0,0068605
2095   0,0068467
2096   0,0068329
2097   0,0068193
2098   0,0068059
2099   0,0067925
2100   0,0067791
2101   0,0067658
2102   0,0067525
2103   0,0067392
2104   0,0067259
2105   0,0067125
2106   0,0066993
2107   0,0066864
2108   0,0066735
2109   0,0066609
2110   0,0066483
2111   0,0066359
2112   0,0066234
2113   0,006611
2114   0,0065985
2115   0,006586
2116   0,0065735
2117   0,0065608
2118   0,006548
2119   0,0065351
2120   0,0065219
2121   0,0065085
2122   0,0064947
2123   0,0064798
2124   0,0064633
2125   0,0064457
2126   0,0064277
2127   0,0064088
2128   0,0063888
2129   0,0063677
2130   0,0063456
2131   0,0063227
2132   0,0062974
2133   0,0062723
2134   0,0062474
2135   0,0062232
2136   0,0062002
2137   0,0061786
2138   0,0061586
2139   0,0061402
2140   0,0061232
2141   0,0061077
2142   0,0060933
2143   0,0060801
2144   0,0060678
2145   0,0060564
2146   0,0060458
2147   0,0060359
2148   0,0060267
2149   0,0060181
2150   0,00601
2151   0,0060025
2152   0,0059954
2153   0,0059888
2154   0,0059825
2155   0,0059767
2156   0,0059711
2157   0,005966
2158   0,0059611
2159   0,0059565
2160   0,0059522
2161   0,0059482
2162   0,0059444
2163   0,0059408
2164   0,0059376
2165   0,0059345
2166   0,0059318
 
Projections
2167   0,017564
2168   0,010546
2169   0,0073477
2170   0,0064429
2171   0,0060881
2172   0,0059458
2173   0,005854
2174   0,0057926
2175   0,0057525
2176   0,0057263
2177   0,0057096
2178   0,0056992
2179   0,0056932
2180   0,0056903
2181   0,0056895
2182   0,0056903
2183   0,0056922
2184   0,0056948
2185   0,0056981
 
Basic
2186   0,0060525
2187   0,0063664
2188   0,0065733
2189   0,0069932
2190   0,0079722
2191   0,0092021
2192   0,01025
2193   0,011055
2194   0,011499
2195   0,012115
 
Projections
2196   0,0054546
2197   0,0054686
2198   0,0054824
2199   0,0054949
2200   0,0060391
2201   0,0056005
2202   0,0055388
2203   0,0055372
2204   0,0055461
2205   0,0062546
 
Proj. - Overstep
2206   0,0055058
2207   0,0055012
2208   0,0055311
2209   0,0055441
2210   0,005561
2211   0,005577
2212   0,0055925
2213   0,0056072
2214   0,0056211
2215   0,0056342
 
IntenGate
2216   0,0060525
2217   0,0078897
2218   0,0089498
2219   0,0068959
2220   0,0072803
2221   0,0081358
2222   0,0071372
2223   0,0097008
2224   0,01045
2225   0,008142
 
Expo
2226   0,0061778
2227   0,0065162
2228   0,0066958
2229   0,0072924
2230   0,0089212
2231   0,0098646
2232   0,010588
2233   0,011511
2234   0,013897
2235   0,013714
 
Projections
2236   0,0089434
2237   0,0077287
2238   0,0074953
2239   0,0073593
2240   0,007268
2241   0,0072026
2242   0,0071486
2243   0,0071037
2244   0,0070673
2245   0,0070366
2246   0,0070103
2247   0,0069878
2248   0,0069677
2249   0,0069495
2250   0,0069335
2251   0,0069181
2252   0,0069032
2253   0,0068886
2254   0,0068745
2255   0,0068605
2256   0,0068467
2257   0,0068329
2258   0,0068193
2259   0,0068059
2260   0,0067925
2261   0,0067791
2262   0,0067658
2263   0,0067525
2264   0,0067392
2265   0,0067259
2266   0,0067125
2267   0,0066993
2268   0,0066864
2269   0,0066735
2270   0,0066609
2271   0,0066483
2272   0,0066359
2273   0,0066234
2274   0,006611
2275   0,0065985
2276   0,006586
2277   0,0065735
2278   0,0065608
2279   0,006548
2280   0,0065351
2281   0,0065219
2282   0,0065085
2283   0,0064947
2284   0,0064798
2285   0,0064633
2286   0,0064457
2287   0,0064277
2288   0,0064088
2289   0,0063888
2290   0,0063677
2291   0,0063456
2292   0,0063227
2293   0,0062974
2294   0,0062723
2295   0,0062474
2296   0,0062232
2297   0,0062002
2298   0,0061786
2299   0,0061586
2300   0,0061402
2301   0,0061232
2302   0,0061077
2303   0,0060933
2304   0,0060801
2305   0,0060678
2306   0,0060564
2307   0,0060458
2308   0,0060359
2309   0,0060267
2310   0,0060181
2311   0,00601
2312   0,0060025
2313   0,0059954
2314   0,0059888
2315   0,0059825
2316   0,0059767
2317   0,0059711
2318   0,005966
2319   0,0059611
2320   0,0059565
2321   0,0059522
2322   0,0059482
2323   0,0059444
2324   0,0059408
2325   0,0059376
2326   0,0059345
2327   0,0059318
 
Projections
2328   0,017344
2329   0,010113
2330   0,0068218
2331   0,0060659
2332   0,0059211
2333   0,005877
2334   0,0058443
2335   0,0058167
2336   0,005793
2337   0,0057731
2338   0,0057569
2339   0,0057439
2340   0,0057335
2341   0,0057252
2342   0,0057187
2343   0,0057136
2344   0,0057096
2345   0,0057066
2346   0,0057043
2347   0,0057026
2348   0,0057014
2349   0,0057005
 
Basic
2350   0,0060525
2351   0,0063664
2352   0,0065733
2353   0,0069932
2354   0,0079722
2355   0,0092021
2356   0,01025
2357   0,011055
2358   0,011499
2359   0,012115
 
Projections
2360   0,0054546
2361   0,0054686
2362   0,0054824
2363   0,0054949
2364   0,0060391
2365   0,0056005
2366   0,0055388
2367   0,0055372
2368   0,0055461
2369   0,0062546
 
Proj. - Overstep
2370   0,0055058
2371   0,0055012
2372   0,0055311
2373   0,0055441
2374   0,005561
2375   0,005577
2376   0,0055925
2377   0,0056072
2378   0,0056211
2379   0,0056342
 
IntenGate
2380   0,0060525
2381   0,0078897
2382   0,0089498
2383   0,0068959
2384   0,0072803
2385   0,0081358
2386   0,0071372
2387   0,0097008
2388   0,01045
2389   0,008142
 
Expo
2390   0,0061778
2391   0,0065162
2392   0,0066958
2393   0,0072924
2394   0,0089212
2395   0,0098646
2396   0,010588
2397   0,011511
2398   0,013897
2399   0,013714
 
Projections
2400   0,0089434
2401   0,0077287
2402   0,0074953
2403   0,0073593
2404   0,007268
2405   0,0072026
2406   0,0071486
2407   0,0071037
2408   0,0070673
2409   0,0070366
2410   0,0070103
2411   0,0069878
2412   0,0069677
2413   0,0069495
2414   0,0069335
2415   0,0069181
2416   0,0069032
2417   0,0068886
2418   0,0068745
2419   0,0068605
2420   0,0068467
2421   0,0068329
2422   0,0068193
2423   0,0068059
2424   0,0067925
2425   0,0067791
2426   0,0067658
2427   0,0067525
2428   0,0067392
2429   0,0067259
2430   0,0067125
2431   0,0066993
2432   0,0066864
2433   0,0066735
2434   0,0066609
2435   0,0066483
2436   0,0066359
2437   0,0066234
2438   0,006611
2439   0,0065985
2440   0,006586
2441   0,0065735
2442   0,0065608
2443   0,006548
2444   0,0065351
2445   0,0065219
2446   0,0065085
2447   0,0064947
2448   0,0064798
2449   0,0064633
2450   0,0064457
2451   0,0064277
2452   0,0064088
2453   0,0063888
2454   0,0063677
2455   0,0063456
2456   0,0063227
2457   0,0062974
2458   0,0062723
2459   0,0062474
2460   0,0062232
2461   0,0062002
2462   0,0061786
2463   0,0061586
2464   0,0061402
2465   0,0061232
2466   0,0061077
2467   0,0060933
2468   0,0060801
2469   0,0060678
2470   0,0060564
2471   0,0060458
2472   0,0060359
2473   0,0060267
2474   0,0060181
2475   0,00601
2476   0,0060025
2477   0,0059954
2478   0,0059888
2479   0,0059825
2480   0,0059767
2481   0,0059711
2482   0,005966
2483   0,0059611
2484   0,0059565
2485   0,0059522
2486   0,0059482
2487   0,0059444
2488   0,0059408
2489   0,0059376
2490   0,0059345
2491   0,0059318
 
Projections
2492   0,017588
2493   0,0097075
2494   0,0064747
2495   0,0058537
2496   0,0057389
2497   0,0057136
2498   0,0056992
2499   0,0056901
2500   0,0056833
2501   0,005678
2502   0,0056741
2503   0,0056712
2504   0,0056692
2505   0,0056679
2506   0,0056669
2507   0,0056664
 
Basic
2508   0,0060525
2509   0,0063664
2510   0,0065733
2511   0,0069932
2512   0,0079722
2513   0,0092021
2514   0,01025
2515   0,011055
2516   0,011499
2517   0,012115
 
Projections
2518   0,0054546
2519   0,0054686
2520   0,0054824
2521   0,0054949
2522   0,0060391
2523   0,0056005
2524   0,0055388
2525   0,0055372
2526   0,0055461
2527   0,0062546
 
Proj. - Overstep
2528   0,0055058
2529   0,0055012
2530   0,0055311
2531   0,0055441
2532   0,005561
2533   0,005577
2534   0,0055925
2535   0,0056072
2536   0,0056211
2537   0,0056342
 
IntenGate
2538   0,0060525
2539   0,0078897
2540   0,0089498
2541   0,0068959
2542   0,0072803
2543   0,0081358
2544   0,0071372
2545   0,0097008
2546   0,01045
2547   0,008142
 
Expo
2548   0,0061778
2549   0,0065162
2550   0,0066958
2551   0,0072924
2552   0,0089212
2553   0,0098646
2554   0,010588
2555   0,011511
2556   0,013897
2557   0,013714
 
Projections
2558   0,0089434
2559   0,0077287
2560   0,0074953
2561   0,0073593
2562   0,007268
2563   0,0072026
2564   0,0071486
2565   0,0071037
2566   0,0070673
2567   0,0070366
2568   0,0070103
2569   0,0069878
2570   0,0069677
2571   0,0069495
2572   0,0069335
2573   0,0069181
2574   0,0069032
2575   0,0068886
2576   0,0068745
2577   0,0068605
2578   0,0068467
2579   0,0068329
2580   0,0068193
2581   0,0068059
2582   0,0067925
2583   0,0067791
2584   0,0067658
2585   0,0067525
2586   0,0067392
2587   0,0067259
2588   0,0067125
2589   0,0066993
2590   0,0066864
2591   0,0066735
2592   0,0066609
2593   0,0066483
2594   0,0066359
2595   0,0066234
2596   0,006611
2597   0,0065985
2598   0,006586
2599   0,0065735
2600   0,0065608
2601   0,006548
2602   0,0065351
2603   0,0065219
2604   0,0065085
2605   0,0064947
2606   0,0064798
2607   0,0064633
2608   0,0064457
2609   0,0064277
2610   0,0064088
2611   0,0063888
2612   0,0063677
2613   0,0063456
2614   0,0063227
2615   0,0062974
2616   0,0062723
2617   0,0062474
2618   0,0062232
2619   0,0062002
2620   0,0061786
2621   0,0061586
2622   0,0061402
2623   0,0061232
2624   0,0061077
2625   0,0060933
2626   0,0060801
2627   0,0060678
2628   0,0060564
2629   0,0060458
2630   0,0060359
2631   0,0060267
2632   0,0060181
2633   0,00601
2634   0,0060025
2635   0,0059954
2636   0,0059888
2637   0,0059825
2638   0,0059767
2639   0,0059711
2640   0,005966
2641   0,0059611
2642   0,0059565
2643   0,0059522
2644   0,0059482
2645   0,0059444
2646   0,0059408
2647   0,0059376
2648   0,0059345
2649   0,0059318
 
Projections
2650   0,022332
2651   0,01369
2652   0,0078985
2653   0,0058858
2654   0,0056341
2655   0,0055763
2656   0,0055674
2657   0,0055631
2658   0,0055615
2659   0,0055634
2660   0,0055676
2661   0,0055735
2662   0,0055804
2663   0,0055881
 
Basic
2664   0,0060525
2665   0,0063664
2666   0,0065733
2667   0,0069932
2668   0,0079722
2669   0,0092021
2670   0,01025
2671   0,011055
2672   0,011499
2673   0,012115
 
Projections
2674   0,0054546
2675   0,0054686
2676   0,0054824
2677   0,0054949
2678   0,0060391
2679   0,0056005
2680   0,0055388
2681   0,0055372
2682   0,0055461
2683   0,0062546
 
Proj. - Overstep
2684   0,0055058
2685   0,0055012
2686   0,0055311
2687   0,0055441
2688   0,005561
2689   0,005577
2690   0,0055925
2691   0,0056072
2692   0,0056211
2693   0,0056342
 
IntenGate
2694   0,0060525
2695   0,0078897
2696   0,0089498
2697   0,0068959
2698   0,0072803
2699   0,0081358
2700   0,0071372
2701   0,0097008
2702   0,01045
2703   0,008142
 
Expo
2704   0,0061778
2705   0,0065162
2706   0,0066958
2707   0,0072924
2708   0,0089212
2709   0,0098646
2710   0,010588
2711   0,011511
2712   0,013897
2713   0,013714
 
Projections
2714   0,0089434
2715   0,0077287
2716   0,0074953
2717   0,0073593
2718   0,007268
2719   0,0072026
2720   0,0071486
2721   0,0071037
2722   0,0070673
2723   0,0070366
2724   0,0070103
2725   0,0069878
2726   0,0069677
2727   0,0069495
2728   0,0069335
2729   0,0069181
2730   0,0069032
2731   0,0068886
2732   0,0068745
2733   0,0068605
2734   0,0068467
2735   0,0068329
2736   0,0068193
2737   0,0068059
2738   0,0067925
2739   0,0067791
2740   0,0067658
2741   0,0067525
2742   0,0067392
2743   0,0067259
2744   0,0067125
2745   0,0066993
2746   0,0066864
2747   0,0066735
2748   0,0066609
2749   0,0066483
2750   0,0066359
2751   0,0066234
2752   0,006611
2753   0,0065985
2754   0,006586
2755   0,0065735
2756   0,0065608
2757   0,006548
2758   0,0065351
2759   0,0065219
2760   0,0065085
2761   0,0064947
2762   0,0064798
2763   0,0064633
2764   0,0064457
2765   0,0064277
2766   0,0064088
2767   0,0063888
2768   0,0063677
2769   0,0063456
2770   0,0063227
2771   0,0062974
2772   0,0062723
2773   0,0062474
2774   0,0062232
2775   0,0062002
2776   0,0061786
2777   0,0061586
2778   0,0061402
2779   0,0061232
2780   0,0061077
2781   0,0060933
2782   0,0060801
2783   0,0060678
2784   0,0060564
2785   0,0060458
2786   0,0060359
2787   0,0060267
2788   0,0060181
2789   0,00601
2790   0,0060025
2791   0,0059954
2792   0,0059888
2793   0,0059825
2794   0,0059767
2795   0,0059711
2796   0,005966
2797   0,0059611
2798   0,0059565
2799   0,0059522
2800   0,0059482
2801   0,0059444
2802   0,0059408
2803   0,0059376
2804   0,0059345
2805   0,0059318
 
Projections
2806   0,018582
2807   0,010969
2808   0,0069939
2809   0,0058981
2810   0,0057055
2811   0,0056793
2812   0,005668
2813   0,0056547
2814   0,005648
2815   0,0056434
2816   0,0056391
2817   0,0056356
2818   0,0056336
2819   0,0056328
2820   0,0056335
2821   0,0056355
 
Basic
2822   0,0060525
2823   0,0063664
2824   0,0065733
2825   0,0069932
2826   0,0079722
2827   0,0092021
2828   0,01025
2829   0,011055
2830   0,011499
2831   0,012115
 
Projections
2832   0,0054546
2833   0,0054686
2834   0,0054824
2835   0,0054949
2836   0,0060391
2837   0,0056005
2838   0,0055388
2839   0,0055372
2840   0,0055461
2841   0,0062546
 
Proj. - Overstep
2842   0,0055058
2843   0,0055012
2844   0,0055311
2845   0,0055441
2846   0,005561
2847   0,005577
2848   0,0055925
2849   0,0056072
2850   0,0056211
2851   0,0056342
 
IntenGate
2852   0,0060525
2853   0,0078897
2854   0,0089498
2855   0,0068959
2856   0,0072803
2857   0,0081358
2858   0,0071372
2859   0,0097008
2860   0,01045
2861   0,008142
 
Expo
2862   0,0061778
2863   0,0065162
2864   0,0066958
2865   0,0072924
2866   0,0089212
2867   0,0098646
2868   0,010588
2869   0,011511
2870   0,013897
2871   0,013714
 
Projections
2872   0,0089434
2873   0,0077287
2874   0,0074953
2875   0,0073593
2876   0,007268
2877   0,0072026
2878   0,0071486
2879   0,0071037
2880   0,0070673
2881   0,0070366
2882   0,0070103
2883   0,0069878
2884   0,0069677
2885   0,0069495
2886   0,0069335
2887   0,0069181
2888   0,0069032
2889   0,0068886
2890   0,0068745
2891   0,0068605
2892   0,0068467
2893   0,0068329
2894   0,0068193
2895   0,0068059
2896   0,0067925
2897   0,0067791
2898   0,0067658
2899   0,0067525
2900   0,0067392
2901   0,0067259
2902   0,0067125
2903   0,0066993
2904   0,0066864
2905   0,0066735
2906   0,0066609
2907   0,0066483
2908   0,0066359
2909   0,0066234
2910   0,006611
2911   0,0065985
2912   0,006586
2913   0,0065735
2914   0,0065608
2915   0,006548
2916   0,0065351
2917   0,0065219
2918   0,0065085
2919   0,0064947
2920   0,0064798
2921   0,0064633
2922   0,0064457
2923   0,0064277
2924   0,0064088
2925   0,0063888
2926   0,0063677
2927   0,0063456
2928   0,0063227
2929   0,0062974
2930   0,0062723
2931   0,0062474
2932   0,0062232
2933   0,0062002
2934   0,0061786
2935   0,0061586
2936   0,0061402
2937   0,0061232
2938   0,0061077
2939   0,0060933
2940   0,0060801
2941   0,0060678
2942   0,0060564
2943   0,0060458
2944   0,0060359
2945   0,0060267
2946   0,0060181
2947   0,00601
2948   0,0060025
2949   0,0059954
2950   0,0059888
2951   0,0059825
2952   0,0059767
2953   0,0059711
2954   0,005966
2955   0,0059611
2956   0,0059565
2957   0,0059522
2958   0,0059482
2959   0,0059444
2960   0,0059408
2961   0,0059376
2962   0,0059345
2963   0,0059318
 
Projections
2964   0,017002
2965   0,0096107
2966   0,0064233
2967   0,0057384
2968   0,0056344
2969   0,0056328
2970   0,0056228
2971   0,0056187
2972   0,0056175
2973   0,0056172
2974   0,0056178
2975   0,0056191
2976   0,0056213
 
Basic
2977   0,0060525
2978   0,0063664
2979   0,0065733
2980   0,0069932
2981   0,0079722
2982   0,0092021
2983   0,01025
2984   0,011055
2985   0,011499
2986   0,012115
 
Projections
2987   0,0054546
2988   0,0054686
2989   0,0054824
2990   0,0054949
2991   0,0060391
2992   0,0056005
2993   0,0055388
2994   0,0055372
2995   0,0055461
2996   0,0062546
 
Proj. - Overstep
2997   0,0055058
2998   0,0055012
2999   0,0055311
3000   0,0055441
3001   0,005561
3002   0,005577
3003   0,0055925
3004   0,0056072
3005   0,0056211
3006   0,0056342
 
IntenGate
3007   0,0060525
3008   0,0078897
3009   0,0089498
3010   0,0068959
3011   0,0072803
3012   0,0081358
3013   0,0071372
3014   0,0097008
3015   0,01045
3016   0,008142
 
Expo
3017   0,0061778
3018   0,0065162
3019   0,0066958
3020   0,0072924
3021   0,0089212
3022   0,0098646
3023   0,010588
3024   0,011511
3025   0,013897
3026   0,013714
 
Projections
3027   0,0089434
3028   0,0077287
3029   0,0074953
3030   0,0073593
3031   0,007268
3032   0,0072026
3033   0,0071486
3034   0,0071037
3035   0,0070673
3036   0,0070366
3037   0,0070103
3038   0,0069878
3039   0,0069677
3040   0,0069495
3041   0,0069335
3042   0,0069181
3043   0,0069032
3044   0,0068886
3045   0,0068745
3046   0,0068605
3047   0,0068467
3048   0,0068329
3049   0,0068193
3050   0,0068059
3051   0,0067925
3052   0,0067791
3053   0,0067658
3054   0,0067525
3055   0,0067392
3056   0,0067259
3057   0,0067125
3058   0,0066993
3059   0,0066864
3060   0,0066735
3061   0,0066609
3062   0,0066483
3063   0,0066359
3064   0,0066234
3065   0,006611
3066   0,0065985
3067   0,006586
3068   0,0065735
3069   0,0065608
3070   0,006548
3071   0,0065351
3072   0,0065219
3073   0,0065085
3074   0,0064947
3075   0,0064798
3076   0,0064633
3077   0,0064457
3078   0,0064277
3079   0,0064088
3080   0,0063888
3081   0,0063677
3082   0,0063456
3083   0,0063227
3084   0,0062974
3085   0,0062723
3086   0,0062474
3087   0,0062232
3088   0,0062002
3089   0,0061786
3090   0,0061586
3091   0,0061402
 
 
The minimum FROG error was 0,0054485
 
**************** Retrieved Field ******************
Temporal FWHM: 18,063 fs.
Spectral FWHM: 149,6 nm.
Autocorrelation FWHM: 26,71 fs.
Time-Bandwidth Product - FWHM: 0,76904
Time-Bandwidth Product - RMS: 5,9033
Time-Bandwidth Product - Temporal Laplacian: 0,78858
Time-Bandwidth Product - Spectral Laplacian: 0,76488
