-750,08  0  0,001046347  0  3,762284E-5  719,9516
-747,15  0  0,0009027014  0  3,779506E-5  718,8018
-744,22  0  0,0007009847  0  3,780335E-5  717,6555
-741,29  0  0,0004896399  0  3,779729E-5  716,513
-738,36  0  0,0003150986  0  3,806312E-5  715,374
-735,43  4,447668E-6  0,0002071009  0  3,833424E-5  714,2387
-732,5  8,159069E-5  0,0001611401  0  3,863998E-5  713,107
-729,57  0,0001242587  0,000148743  0  3,860759E-5  711,9789
-726,64  0,0001704744  0,0001410536  0  3,845125E-5  710,8543
-723,71  0,0003186448  0,0001246197  0  3,826091E-5  709,7333
-720,78  0,0003965819  0,0001037267  0  3,829911E-5  708,6158
-717,85  0,0005963064  9,111888E-5  0  3,835578E-5  707,5018
-714,92  0,0005403014  9,516239E-5  0  3,837816E-5  706,3913
-711,99  0,0006989716  0,0001149316  0  3,828331E-5  705,2843
-709,06  0,0007771568  0,0001452454  0  3,827134E-5  704,1807
-706,13  0,0008664096  0,0001825385  0  3,825759E-5  703,0806
-703,2  0,0007999376  0,0002245406  0  3,825288E-5  701,984
-700,27  0,000613309  0,0002672644  0  3,797737E-5  700,8907
-697,34  0,0007007349  0,0003051174  0  3,773213E-5  699,8009
-694,41  0,0008177295  0,0003338788  0  3,760839E-5  698,7144
-691,48  0,000633548  0,0003527081  0  3,761208E-5  697,6313
-688,55  0,0006362278  0,0003638899  0  3,740341E-5  696,5516
-685,62  0,0007513085  0,0003702518  0  3,710864E-5  695,4752
-682,69  0,0006394617  0,0003719039  0  3,686782E-5  694,4021
-679,76  0,001032922  0,000365426  0  3,69119E-5  693,3323
-676,83  0,000917408  0,0003477255  0  3,713105E-5  692,2658
-673,9  0,001071268  0,0003198302  0  3,736525E-5  691,2026
-670,97  0,0009802186  0,0002859818  0  3,735437E-5  690,1427
-668,04  0,00105607  0,0002503508  0  3,738065E-5  689,086
-665,11  0,0009509255  0,0002157904  0  3,758696E-5  688,0325
-662,18  0,0008250295  0,0001839072  0  3,802738E-5  686,9822
-659,25  0,0004897811  0,0001553347  0  3,846861E-5  685,9352
-656,32  0,0004996272  0,0001301608  0  3,857979E-5  684,8913
-653,39  0,000325568  0,0001083399  0  3,825209E-5  683,8506
-650,46  0,0002806598  8,991737E-5  0  3,815034E-5  682,8131
-647,53  0,0002455849  7,502366E-5  0  3,833944E-5  681,7787
-644,6  0,0002275727  6,376187E-5  0  3,865309E-5  680,7474
-641,67  0,0001857284  5,604022E-5  0  3,83813E-5  679,7193
-638,74  0,0001811713  5,125594E-5  0  3,80303E-5  678,6942
-635,81  0,0001533316  4,842945E-5  0  3,81468E-5  677,6722
-632,88  0,0001518798  4,657612E-5  0  3,885544E-5  676,6534
-629,95  0,0001127774  4,506734E-5  0  3,941704E-5  675,6375
-627,02  0,0001443154  4,369193E-5  0  3,931619E-5  674,6247
-624,09  0,0001179806  4,260531E-5  0  3,904884E-5  673,615
-621,16  0  4,201723E-5  0  3,922235E-5  672,6083
-618,23  0  4,187855E-5  0  3,971806E-5  671,6045
-615,3  0  4,188841E-5  0  3,973217E-5  670,6038
-612,37  0  4,179548E-5  0  3,912387E-5  669,606
-609,44  0  4,16558E-5  0  3,847843E-5  668,6112
-606,51  0  4,166164E-5  0  3,824925E-5  667,6194
-603,58  0  4,193558E-5  0  3,832078E-5  666,6305
-600,65  0  4,243426E-5  0  3,850682E-5  665,6445
-597,72  0  4,299101E-5  0  3,837113E-5  664,6614
-594,79  0  4,348937E-5  0  3,805571E-5  663,6813
-591,86  0  4,396169E-5  0  3,794119E-5  662,704
-588,93  0  4,456965E-5  0  3,837478E-5  661,7296
-586  0  4,54681E-5  0  3,870959E-5  660,758
-583,07  0  4,6698E-5  0  3,849328E-5  659,7893
-580,14  0  4,807787E-5  0  3,78135E-5  658,8235
-577,21  0  4,931385E-5  0  3,731412E-5  657,8604
-574,28  0  5,018278E-5  0  3,74927E-5  656,9002
-571,35  0  5,072915E-5  0  3,799499E-5  655,9428
-568,42  0  5,130725E-5  0  3,789462E-5  654,9881
-565,49  0  5,245662E-5  0  3,741507E-5  654,0363
-562,56  0  5,471621E-5  0  3,746605E-5  653,0871
-559,63  7,236128E-6  5,852692E-5  0  3,841818E-5  652,1408
-556,7  0,0001291538  6,425784E-5  0  3,925378E-5  651,1972
-553,77  0,0001318567  7,238287E-5  0  3,958471E-5  650,2563
-550,84  8,919725E-5  8,371834E-5  0  3,937898E-5  649,3181
-547,91  0,0001496503  9,961923E-5  0  3,947463E-5  648,3826
-544,98  0,0001858432  0,0001221426  0  3,989088E-5  647,4499
-542,05  0,0002721071  0,0001539164  0  4,016471E-5  646,5198
-539,12  0,0002303121  0,0001974168  0  3,976481E-5  645,5923
-536,19  0,0002846282  0,000253556  0  3,928621E-5  644,6676
-533,26  0,0005369616  0,0003203394  0  3,939608E-5  643,7454
-530,33  0,0009309761  0,0003924495  0  3,981164E-5  642,8259
-527,4  0,001065973  0,0004620983  0  3,958375E-5  641,9091
-524,47  0,001303518  0,0005209391  0  3,938249E-5  640,9948
-521,54  0,001278398  0,0005628575  0  3,960492E-5  640,0832
-518,61  0,00117072  0,0005861776  0  4,033542E-5  639,1741
-515,68  0,001304148  0,0005938522  0  4,051028E-5  638,2676
-512,75  0,001298005  0,000592029  0  4,001152E-5  637,3637
-509,82  0,001287048  0,0005879  0  3,954367E-5  636,4623
-506,89  0,001340287  0,0005868668  0  4,01557E-5  635,5635
-503,96  0,001445086  0,0005905421  0  4,072219E-5  634,6672
-501,03  0,001541624  0,0005971125  0  4,075744E-5  633,7734
-498,1  0,001572966  0,0006030913  0  4,020156E-5  632,8822
-495,17  0,001421685  0,0006055057  0  4,041183E-5  631,9934
-492,24  0,001588397  0,0006031187  0  4,102699E-5  631,1072
-489,31  0,001439158  0,0005959191  0  4,156186E-5  630,2234
-486,38  0,001240288  0,0005841006  0  4,144238E-5  629,3421
-483,45  0,001285629  0,0005671247  0  4,124236E-5  628,4633
-480,52  0,00108178  0,000543814  0  4,149512E-5  627,5869
-477,59  0,001043569  0,0005130865  0  4,201591E-5  626,713
-474,66  0,001121121  0,0004747784  0  4,21596E-5  625,8415
-471,73  0,001154984  0,000430035  0  4,223406E-5  624,9724
-468,8  0,0009924623  0,0003816757  0  4,248297E-5  624,1057
-465,87  0,0008180597  0,0003334722  0  4,279977E-5  623,2414
-462,94  0,000670182  0,000289333  0  4,311184E-5  622,3795
-460,01  0,0005557151  0,0002523115  0  4,357153E-5  621,52
-457,08  0,0004535117  0,0002241015  0  4,391109E-5  620,6629
-454,15  0,0004286806  0,0002047215  0  4,398398E-5  619,8081
-451,22  0,0004236087  0,0001928612  0  4,397391E-5  618,9556
-448,29  0,0003859659  0,0001865245  0  4,426692E-5  618,1056
-445,36  0,0003259548  0,0001834662  0  4,485436E-5  617,2578
-442,43  0,0002196416  0,0001819935  0  4,512659E-5  616,4124
-439,5  0,0002467383  0,0001811087  0  4,463375E-5  615,5692
-436,57  0,000258063  0,0001807322  0  4,449528E-5  614,7284
-433,64  0,0002200145  0,000181544  0  4,48353E-5  613,8899
-430,71  0,000241394  0,0001848159  0  4,54743E-5  613,0537
-427,78  0,0001954511  0,000191939  0  4,569306E-5  612,2197
-424,85  0,0002903403  0,000203848  0  4,547137E-5  611,388
-421,92  0,0002201676  0,0002207191  0  4,558917E-5  610,5586
-418,99  0,0003238743  0,0002419823  0  4,576628E-5  609,7314
-416,06  0,0002659177  0,0002665597  0  4,633624E-5  608,9064
-413,13  0,0002550786  0,0002935029  0  4,682702E-5  608,0837
-410,2  0,0002895172  0,0003228269  0  4,742322E-5  607,2632
-407,27  0,0003640499  0,0003558287  0  4,758775E-5  606,4449
-404,34  0,0003223845  0,0003952951  0  4,84256E-5  605,6288
-401,41  0,0004071424  0,0004448603  0  4,902248E-5  604,8149
-398,48  0,0004726388  0,0005081256  0  5,090102E-5  604,0032
-395,55  0,0006267584  0,0005877417  0  5,21118E-5  603,1937
-392,62  0,0007931972  0,000685293  0  5,383496E-5  602,3863
-389,69  0,0009827817  0,0008016139  0  5,439876E-5  601,5811
-386,76  0,001188845  0,0009377709  0  5,613681E-5  600,778
-383,83  0,001354178  0,001095733  0  5,681176E-5  599,9771
-380,9  0,001464691  0,001278061  0  5,840666E-5  599,1783
-377,97  0,001806711  0,001486175  0  5,830087E-5  598,3816
-375,04  0,002238865  0,001718426  0  5,845413E-5  597,5871
-372,11  0,002437622  0,001969308  0  5,755807E-5  596,7946
-369,18  0,002787973  0,002230492  0  5,774773E-5  596,0043
-366,25  0,003086759  0,002494053  0  5,814788E-5  595,216
-363,32  0,003098863  0,00275717  0  5,921803E-5  594,4299
-360,39  0,003379253  0,003025188  0  6,056813E-5  593,6458
-357,46  0,004005555  0,003310856  0  6,123396E-5  592,8638
-354,53  0,004075875  0,003629527  0  6,351784E-5  592,0838
-351,6  0,00453073  0,003991531  0  6,678734E-5  591,3059
-348,67  0,005192021  0,004393758  0  7,168583E-5  590,53
-345,74  0,005808724  0,004814704  0  7,560012E-5  589,7561
-342,81  0,006242024  0,005216668  0  8,031154E-5  588,9843
-339,88  0,006825977  0,005555266  0  8,541932E-5  588,2145
-336,95  0,00742236  0,005793329  0  9,266549E-5  587,4467
-334,02  0,007707001  0,005915486  0  9,851367E-5  586,6809
-331,09  0,008595894  0,005938815  0  0,0001066108  585,9171
-328,16  0,009071626  0,005914846  0  0,0001161285  585,1553
-325,23  0,009721913  0,005921702  0  0,0001308067  584,3955
-322,3  0,009631838  0,00604862  0  0,0001469122  583,6376
-319,37  0,01008331  0,00637647  0  0,0001675775  582,8817
-316,44  0,01047464  0,006958665  0  0,0001918886  582,1278
-313,51  0,01075108  0,007807117  0  0,0002257643  581,3758
-310,58  0,01187694  0,008886907  0  0,0002674262  580,6257
-307,65  0,01234742  0,01012129  0  0,0003151956  579,8776
-304,72  0,01296834  0,01140563  0  0,0003671131  579,1314
-301,79  0,01375878  0,01262656  0  0,0004339984  578,3871
-298,86  0,0141118  0,01368244  0  0,0004987443  577,6447
-295,93  0,01464814  0,0145009  0  0,0005703812  576,9043
-293  0,01608443  0,01504904  2,762771E-6  0,0006227997  576,1657
-290,07  0,01641663  0,01533302  1,32463E-5  0,0006856667  575,429
-287,14  0,01724495  0,01538836  2,370305E-5  0,0007308682  574,6942
-284,21  0,01729959  0,01526544  3,923496E-5  0,0007846851  573,9613
-281,28  0,01797475  0,01501422  5,514037E-5  0,000818066  573,2302
-278,35  0,01806037  0,01467248  7,522961E-5  0,0008549464  572,501
-275,42  0,01839931  0,01426105  9,840355E-5  0,0008875222  571,7737
-272,49  0,01814311  0,01378688  0,0001262399  0,0009408686  571,0482
-269,56  0,0173873  0,0132506  0,0001718766  0,0009943785  570,3245
-266,63  0,01642922  0,01265542  0,0002173978  0,001104889  569,6027
-263,7  0,01669629  0,01201246  0,0005341189  0,001249007  568,8827
-260,77  0,01484925  0,01133915  0,0009057409  0,001429382  568,1645
-257,84  0,01450283  0,01065297  0,001298108  0,001652722  567,4481
-254,91  0,01410283  0,009964948  0,001717969  0,001939485  566,7335
-251,98  0,01314919  0,009275957  0,002189414  0,002290155  566,0208
-249,05  0,01181671  0,008577594  0,004577355  0,002760603  565,3098
-246,12  0,01102121  0,007858263  0,006959305  0,003294501  564,6006
-243,19  0,01033048  0,007112581  0,009838644  0,004032748  563,8932
-240,26  0,009594033  0,006349047  0,01304306  0,005080165  563,1875
-237,33  0,008007844  0,005591239  0,01637849  0,006522113  562,4836
-234,4  0,006716391  0,004872092  0,0204163  0,008232311  561,7815
-231,47  0,005817649  0,004224288  0,02444404  0,0103738  561,0811
-228,54  0,005410452  0,003670627  0,02945189  0,01301905  560,3825
-225,61  0,004194965  0,003218312  0,03484973  0,01664657  559,6856
-222,68  0,003453015  0,002858881  0,04092129  0,02102268  558,9904
-219,75  0,002778271  0,002572927  0,04911551  0,0258906  558,297
-216,82  0,002260901  0,00233727  0,05728942  0,0313232  557,6052
-213,89  0,001788804  0,002131635  0,06727409  0,03807157  556,9152
-210,96  0,001672466  0,001942723  0,07781525  0,04634989  556,2269
-208,03  0,00160271  0,001765201  0,08967604  0,05557173  555,5403
-205,1  0,001386693  0,001600391  0,1053191  0,06531804  554,8554
-202,17  0,001298438  0,001453857  0,1209236  0,07687845  554,1722
-199,24  0,001194251  0,001332548  0,1256844  0,09079166  553,4906
-196,31  0,001121001  0,001241703  0,1267962  0,1059713  552,8107
-193,38  0,0009159286  0,001182297  0,1305776  0,1212139  552,1325
-190,45  0,0008118158  0,001150299  0,1439601  0,1359892  551,456
-187,52  0,0007013041  0,001138391  0,1573098  0,1517554  550,7811
-184,59  0,0006790502  0,001139769  0,1689999  0,1679957  550,1079
-181,66  0,0006786886  0,001152435  0,179877  0,1807568  549,4363
-178,73  0,0009201225  0,001181784  0,1891922  0,18801  548,7663
-175,8  0,001146161  0,001239616  0,186109  0,1931342  548,098
-172,87  0,001429548  0,001339047  0,1830333  0,1973015  547,4313
-169,94  0,001743854  0,001487001  0,1769225  0,1972369  546,7662
-167,01  0,00250065  0,001678184  0,1681501  0,1914831  546,1028
-164,08  0,002840848  0,001895233  0,1593989  0,1840391  545,4409
-161,15  0,003347169  0,002117565  0,1662698  0,179307  544,7806
-158,22  0,004472039  0,002336018  0,1741515  0,1769906  544,122
-155,29  0,004791874  0,002564815  0,1844792  0,1760994  543,4649
-152,36  0,005620739  0,002842145  0,1998541  0,1785032  542,8094
-149,43  0,006281092  0,003216799  0,2151919  0,1862936  542,1555
-146,5  0,007328064  0,003727395  0,2281948  0,1992367  541,5032
-143,57  0,008387861  0,004386405  0,2401954  0,2140628  540,8524
-140,64  0,009610787  0,005178086  0,2524839  0,2315469  540,2033
-137,71  0,01135181  0,006069565  0,2701481  0,2523696  539,5556
-134,78  0,01273348  0,007026763  0,2877699  0,2710895  538,9095
-131,85  0,01380798  0,00802737  0,3056304  0,2817119  538,265
-128,92  0,01528585  0,009069573  0,3239  0,2938061  537,622
-125,99  0,01673264  0,01017715  0,3421261  0,3110664  536,9805
-123,06  0,01754245  0,01139349  0,3629994  0,3262941  536,3406
-120,13  0,01861334  0,0127524  0,3848927  0,3281594  535,7021
-117,2  0,01990647  0,01422756  0,4063672  0,3289475  535,0652
-114,27  0,02040744  0,01568761  0,4127011  0,3460626  534,4299
-111,34  0,02176115  0,01689623  0,41902  0,3801037  533,796
-108,41  0,02341964  0,01758298  0,4198452  0,4015054  533,1636
-105,48  0,02320389  0,01757563  0,4085314  0,400055  532,5327
-102,55  0,02253172  0,01694299  0,3972444  0,4006177  531,9033
-99,62  0,01970463  0,01607355  0,3897044  0,4322636  531,2754
-96,69  0,01844879  0,01562942  0,3848553  0,4744651  530,649
-93,76  0,01785511  0,01636151  0,3800176  0,4895796  530,024
-90,83  0,01908909  0,01883353  0,4067605  0,4739877  529,4006
-87,9  0,02186777  0,02315981  0,4397585  0,4601338  528,7786
-84,97  0,02689537  0,02888476  0,4719409  0,4761949  528,158
-82,04  0,03409032  0,03509102  0,4941284  0,5131987  527,5389
-79,11  0,0418637  0,04073105  0,5162639  0,5393606  526,9213
-76,18  0,05131096  0,04506977  0,5282845  0,5409307  526,3051
-73,25  0,05968577  0,04804239  0,5149635  0,5347087  525,6903
-70,32  0,06624436  0,05031925  0,5016737  0,5475675  525,077
-67,39  0,06992468  0,05298939  0,5233474  0,5869052  524,4651
-64,46  0,07524126  0,05699539  0,5824499  0,6374359  523,8546
-61,53  0,08018769  0,06260658  0,6414149  0,6547829  523,2455
-58,6  0,08425307  0,06919201  0,6705079  0,6313217  522,6379
-55,67  0,08833829  0,07541523  0,6844021  0,6027889  522,0317
-52,74  0,09757337  0,07982085  0,698264  0,6193741  521,4268
-49,81  0,1034491  0,0816213  0,6585535  0,659797  520,8234
-46,88  0,1085469  0,08134074  0,6074316  0,6723369  520,2214
-43,95  0,1110317  0,08093423  0,5564277  0,6389963  519,6207
-41,02  0,1145913  0,08316583  0,6041678  0,621749  519,0215
-38,09  0,1187098  0,09040932  0,6553224  0,6643244  518,4236
-35,16  0,1219054  0,1035106  0,7038928  0,7477128  517,8271
-32,23  0,1269074  0,1215977  0,7273131  0,8011765  517,232
-29,3  0,1396539  0,1433587  0,7506796  0,8157937  516,6382
-26,37  0,1550936  0,1693497  0,7855505  0,8391848  516,0458
-23,44  0,1757225  0,2039557  0,8687865  0,9032174  515,4548
-20,51  0,2148946  0,2554072  0,9518321  0,9726495  514,8651
-17,58  0,2848267  0,3330006  1  1  514,2767
-14,65  0,4107777  0,4421183  0,9580087  0,9886272  513,6897
-11,72  0,5834626  0,5791381  0,9161131  0,9687374  513,1041
-8,79  0,7430831  0,7289256  0,8923454  0,9652791  512,5197
-5,86  0,8845924  0,8667346  0,9031053  0,9624631  511,9367
-2,93  0,9638318  0,964543  0,9138408  0,9375633  511,355
0  0,9712535  1  0,9004784  0,898789  510,7747
2,93  1  0,964543  0,8492648  0,8631184  510,1957
5,86  0,990564  0,8667346  0,7981672  0,8403073  509,6179
8,79  0,8981249  0,7289256  0,7725299  0,821219  509,0415
11,72  0,7343421  0,5791381  0,7827523  0,8084725  508,4664
14,65  0,5447775  0,4421183  0,7929515  0,7888096  507,8926
17,58  0,4156128  0,3330006  0,7855082  0,7744962  507,32
20,51  0,285025  0,2554072  0,7537005  0,7635483  506,7488
23,44  0,2098583  0,2039557  0,7219645  0,7584683  506,1789
26,37  0,1723035  0,1693497  0,7129409  0,7532381  505,6102
29,3  0,1542541  0,1433587  0,7372416  0,7527481  505,0428
32,23  0,1478016  0,1215977  0,7614878  0,7530633  504,4767
35,16  0,1263805  0,1035106  0,7971857  0,7571183  503,9118
38,09  0,1090498  0,09040932  0,8525381  0,7647295  503,3482
41,02  0,09780893  0,08316583  0,9077668  0,7722951  502,7859
43,95  0,0897375  0,08093423  0,9375992  0,7775331  502,2248
46,88  0,0800232  0,08134074  0,9118469  0,7838042  501,665
49,81  0,08290809  0,0816213  0,886152  0,7914787  501,1064
52,74  0,0825473  0,07982085  0,8650974  0,7954113  500,5491
55,67  0,0786312  0,07541523  0,8589416  0,7924597  499,993
58,6  0,0752263  0,06919201  0,8527994  0,7833788  499,4381
61,53  0,07029385  0,06260658  0,8414728  0,7720612  498,8845
64,46  0,06505775  0,05699539  0,7972225  0,7648719  498,3321
67,39  0,062174  0,05298939  0,7530701  0,7568282  497,7809
70,32  0,05826462  0,05031925  0,7097908  0,7462634  497,2309
73,25  0,05376875  0,04804239  0,7118866  0,7312461  496,6822
76,18  0,04852654  0,04506977  0,7139779  0,720764  496,1346
79,11  0,04256313  0,04073105  0,7160645  0,7167766  495,5883
82,04  0,03630282  0,03509102  0,7117696  0,7153612  495,0431
84,97  0,02877063  0,02888476  0,706572  0,7105116  494,4992
87,9  0,02259074  0,02315981  0,7013858  0,7056714  493,9565
90,83  0,01907186  0,01883353  0,7031471  0,7005698  493,4149
93,76  0,01655549  0,01636151  0,707716  0,6971486  492,8745
96,69  0,01655126  0,01562942  0,7122749  0,6908961  492,3353
99,62  0,01778742  0,01607355  0,7048793  0,6766174  491,7973
102,55  0,01835079  0,01694299  0,6867247  0,6552101  491,2605
105,48  0,01977679  0,01757563  0,6686097  0,6314341  490,7248
108,41  0,02010557  0,01758298  0,6417392  0,6024832  490,1904
111,34  0,01968125  0,01689623  0,5959893  0,5713127  489,657
114,27  0,01854766  0,01568761  0,5503389  0,540155  489,1248
117,2  0,0177984  0,01422756  0,505259  0,5104269  488,5938
120,13  0,01596179  0,0127524  0,4648959  0,4844239  488,064
123,06  0,01450257  0,01139349  0,4246201  0,4668069  487,5352
125,99  0,01330611  0,01017715  0,3844316  0,4550271  487,0077
128,92  0,01232837  0,009069573  0,3916079  0,4496999  486,4812
131,85  0,01186088  0,00802737  0,4081859  0,4500033  485,9559
134,78  0,01116404  0,007026763  0,4247282  0,4535953  485,4318
137,71  0,00937813  0,006069565  0,4357825  0,4586866  484,9087
140,64  0,007699345  0,005178086  0,4424972  0,4652273  484,3868
143,57  0,006443059  0,004386405  0,4491974  0,4689569  483,8661
146,5  0,005498838  0,003727395  0,4520723  0,4692778  483,3464
149,43  0,004597439  0,003216799  0,443952  0,4647358  482,8278
152,36  0,004045102  0,002842145  0,435849  0,4533565  482,3104
155,29  0,003244606  0,002564815  0,4277634  0,4350086  481,7941
158,22  0,002999271  0,002336018  0,4016412  0,4105902  481,2788
161,15  0,0025038  0,002117565  0,3742869  0,3797691  480,7647
164,08  0,002178524  0,001895233  0,346991  0,3447669  480,2517
167,01  0,001775922  0,001678184  0,3138652  0,3067208  479,7397
169,94  0,001537973  0,001487001  0,276631  0,2673053  479,2289
172,87  0,0008795019  0,001339047  0,2394759  0,2281069  478,7191
175,8  0,0005933245  0,001239616  0,2043732  0,1906339  478,2105
178,73  0,0003686696  0,001181784  0,1764182  0,1559522  477,7029
181,66  0,0003869636  0,001152435  0,1485224  0,1250845  477,1963
184,59  0,0003493731  0,001139769  0,1206858  0,0979704  476,6909
187,52  0,0004118776  0,001138391  0,1002386  0,07485019  476,1865
190,45  0,0004270005  0,001150299  0,08142346  0,05571916  475,6832
193,38  0,0006017968  0,001182297  0,06264804  0,04051879  475,181
196,31  0,0008366696  0,001241703  0,04758  0,02889188  474,6798
199,24  0,0009223776  0,001332548  0,03802098  0,02020631  474,1796
202,17  0,001027341  0,001453857  0,02848209  0,01387476  473,6806
205,1  0,001056289  0,001600391  0,01896326  0,00936824  473,1825
208,03  0,001381108  0,001765201  0,01496656  0,006317714  472,6856
210,96  0,001580863  0,001942723  0,01123424  0,004297241  472,1896
213,89  0,0016354  0,002131635  0,007509748  0,003033844  471,6947
216,82  0,001738113  0,00233727  0,005098973  0,002227529  471,2008
219,75  0,002019661  0,002572927  0,004077774  0,001779204  470,708
222,68  0,002918094  0,002858881  0,003058709  0,001505938  470,2162
225,61  0,003464486  0,003218312  0,002041772  0,001376759  469,7254
228,54  0,004502668  0,003670627  0,001778385  0,001274339  469,2357
231,47  0,005737883  0,004224288  0,001523509  0,001212518  468,747
234,4  0,0069347  0,004872092  0,001269164  0,001135464  468,2592
237,33  0,007674873  0,005591239  0,001129927  0,001072373  467,7725
240,26  0,008850414  0,006349047  0,001121091  0,0009851429  467,2868
243,19  0,01019244  0,007112581  0,001112274  0,0009076252  466,8022
246,12  0,01130758  0,007858263  0,001103475  0,0008148821  466,3185
249,05  0,01262202  0,008577594  0,001054224  0,0007458438  465,8358
251,98  0,0129056  0,009275957  0,001001552  0,0006669307  465,3541
254,91  0,01424838  0,009964948  0,0009489896  0,0006139325  464,8734
257,84  0,01576465  0,01065297  0,0009105787  0,0005479074  464,3938
260,77  0,0160938  0,01133915  0,0008986035  0,0005090936  463,915
263,7  0,01697649  0,01201246  0,0008866529  0,0004604955  463,4373
266,63  0,01736057  0,01265542  0,0008747269  0,0004388948  462,9606
269,56  0,01742846  0,0132506  0,0007640057  0,0004034249  462,4848
272,49  0,01787777  0,01378688  0,0006199499  0,0003951175  462,0101
275,42  0,01810936  0,01426105  0,0004761896  0,0003685223  461,5363
278,35  0,01874969  0,01467248  0,0003614091  0,0003682271  461,0634
281,28  0,018734  0,01501422  0,0004573616  0,0003496192  460,5916
284,21  0,01828749  0,01526544  0,0005531179  0,0003545673  460,1207
287,14  0,01759694  0,01538836  0,0006486786  0,0003376908  459,6507
290,07  0,01675081  0,01533302  0,0006889762  0,0003438219  459,1817
293  0,01655433  0,01504904  0,0006661162  0,0003291067  458,7137
295,93  0,01582973  0,0145009  0,0006433028  0,0003365338  458,2467
298,86  0,0150565  0,01368244  0,0006205358  0,0003245434  457,7805
301,79  0,01511164  0,01262656  0,0005898242  0,0003297528  457,3154
304,72  0,01428704  0,01140563  0,0005569502  0,0003165654  456,8511
307,65  0,01393054  0,01012129  0,0005241428  0,0003215036  456,3878
310,58  0,01314112  0,008886907  0,0004907538  0,0003110103  455,9255
313,51  0,0130017  0,007807117  0,0004490423  0,000315508  455,4641
316,44  0,01247089  0,006958665  0,0004074152  0,0003034571  455,0036
319,37  0,0119924  0,00637647  0,0003658721  0,0003061911  454,5441
322,3  0,01154511  0,00604862  0,0003361149  0,0002948415  454,0854
325,23  0,01099487  0,005921702  0,0003293374  0,0002979329  453,6277
328,16  0,01015909  0,005914846  0,0003225735  0,0002848636  453,171
331,09  0,009633845  0,005938815  0,0003158233  0,0002829635  452,7151
334,02  0,008902414  0,005915486  0,0003102579  0,0002691021  452,2602
336,95  0,00794694  0,005793329  0,0003055738  0,0002676766  451,8061
339,88  0,007349965  0,005555266  0,0003008992  0,0002546276  451,353
342,81  0,006947695  0,005216668  0,0002962339  0,0002509324  450,9008
345,74  0,006484315  0,004814704  0,0002799651  0,000236633  450,4495
348,67  0,006026365  0,004393758  0,0002603835  0,0002329906  449,9991
351,6  0,005428887  0,003991531  0,0002408409  0,0002215752  449,5496
354,53  0,005123701  0,003629527  0,0002213374  0,000220091  449,101
357,46  0,004473979  0,003310856  0,000219828  0,0002089426  448,6533
360,39  0,004086296  0,003025188  0,0002191955  0,0002067528  448,2065
363,32  0,003804633  0,00275717  0,0002185643  0,0001964384  447,7605
366,25  0,003534585  0,002494053  0,0002143744  0,0001941309  447,3155
369,18  0,003064406  0,002230492  0,0001780643  0,0001841559  446,8713
372,11  0,00281673  0,001969308  0,0001418262  0,0001815707  446,4281
375,04  0,002424034  0,001718426  0,0001056599  0,0001711292  445,9857
377,97  0,002260429  0,001486175  7,918912E-5  0,00016739  445,5442
380,9  0,001688052  0,001278061  8,736023E-5  0,0001578088  445,1035
383,83  0,001413421  0,001095733  9,551519E-5  0,0001532889  444,6637
386,76  0,001273631  0,0009377709  0,0001036541  0,0001438929  444,2248
389,69  0,0007769405  0,0008016139  0,0001093031  0,0001396889  443,7868
392,62  0,0007665765  0,000685293  0,0001093031  0,0001308647  443,3496
395,55  0,0006120745  0,0005877417  0,0001093031  0,0001269959  442,9133
398,48  0,0004719899  0,0005081256  0,0001093031  0,0001180531  442,4778
401,41  0,0003943224  0,0004448603  0  0,0001135271  442,0432
404,34  0,0002815234  0,0003952951  0  0,0001060903  441,6094
407,27  0,0002450246  0,0003558287  0  0,0001025917  441,1765
410,2  0,0001974749  0,0003228269  0  9,569164E-5  440,7445
413,13  0,0001889106  0,0002935029  0  9,177809E-5  440,3133
416,06  0,0001655009  0,0002665597  0  8,599851E-5  439,8829
418,99  0,000206917  0,0002419823  0  8,353321E-5  439,4534
421,92  0,0001943457  0,0002207191  0  7,987794E-5  439,0247
424,85  0,0001749224  0,000203848  0  7,807788E-5  438,5968
427,78  0,000180051  0,000191939  0  7,479136E-5  438,1698
430,71  0,0001594977  0,0001848159  0  7,354362E-5  437,7436
433,64  0,0001706123  0,000181544  0  7,144914E-5  437,3183
436,57  0,0001848495  0,0001807322  0  7,134462E-5  436,8937
439,5  0,0001804452  0,0001811087  0  6,965851E-5  436,47
442,43  0,0002348347  0,0001819935  0  6,933793E-5  436,0471
445,36  0,0002503551  0,0001834662  0  6,737771E-5  435,625
448,29  0,0002454111  0,0001865245  0  6,655513E-5  435,2038
451,22  0,0002690529  0,0001928612  0  6,466132E-5  434,7833
454,15  0,0003441535  0,0002047215  0  6,452684E-5  434,3637
457,08  0,0004749758  0,0002241015  0  6,389707E-5  433,9449
460,01  0,0006581882  0,0002523115  0  6,340604E-5  433,5269
462,94  0,0008205554  0,000289333  0  6,159827E-5  433,1097
465,87  0,0009259578  0,0003334722  0  6,002055E-5  432,6933
468,8  0,0009344737  0,0003816757  0  5,912868E-5  432,2777
471,73  0,00103345  0,000430035  0  5,979439E-5  431,8628
474,66  0,001019897  0,0004747784  0  6,036296E-5  431,4488
477,59  0,001260332  0,0005130865  0  5,964199E-5  431,0356
480,52  0,001449621  0,000543814  0  5,900629E-5  430,6232
483,45  0,001585336  0,0005671247  0  5,906007E-5  430,2115
486,38  0,001708773  0,0005841006  0  6,108723E-5  429,8007
489,31  0,001767641  0,0005959191  0  6,283328E-5  429,3906
492,24  0,001630986  0,0006031187  0  6,402864E-5  428,9813
495,17  0,001668012  0,0006055057  0  6,406039E-5  428,5728
498,1  0,001652488  0,0006030913  0  6,503789E-5  428,1651
501,03  0,00160125  0,0005971125  0  6,669648E-5  427,7581
503,96  0,001587487  0,0005905421  0  6,877872E-5  427,3519
506,89  0,001595237  0,0005868668  0  7,029123E-5  426,9465
509,82  0,001516462  0,0005879  0  7,110328E-5  426,5419
512,75  0,001284594  0,000592029  0  7,135976E-5  426,138
515,68  0,001380825  0,0005938522  0  7,147244E-5  425,7349
518,61  0,001332436  0,0005861776  0  7,246886E-5  425,3325
521,54  0,001519573  0,0005628575  0  7,334749E-5  424,9309
524,47  0,001168796  0,0005209391  0  7,413384E-5  424,5301
527,4  0,001076958  0,0004620983  0  7,34226E-5  424,13
530,33  0,0006996523  0,0003924495  0  7,262374E-5  423,7307
533,26  0,0007199149  0,0003203394  0  7,348751E-5  423,3321
536,19  0,0003220336  0,000253556  0  7,636845E-5  422,9343
539,12  9,239558E-5  0,0001974168  0  7,825537E-5  422,5372
542,05  9,507467E-5  0,0001539164  0  7,856751E-5  422,1408
544,98  1,879468E-5  0,0001221426  0  7,827021E-5  421,7452
547,91  5,035218E-5  9,961923E-5  0  8,058098E-5  421,3504
550,84  0  8,371834E-5  0  8,39895E-5  420,9563
553,77  0  7,238287E-5  0  8,689652E-5  420,5629
556,7  0  6,425784E-5  0  8,656058E-5  420,1703
559,63  0  5,852692E-5  0  8,6547E-5  419,7784
562,56  0  5,471621E-5  0  8,769559E-5  419,3872
565,49  0  5,245662E-5  0  9,068043E-5  418,9967
568,42  0  5,130725E-5  0  9,109802E-5  418,607
571,35  0  5,072915E-5  0  9,096265E-5  418,218
574,28  0  5,018278E-5  0  9,019356E-5  417,8297
577,21  0  4,931385E-5  0  9,178005E-5  417,4422
580,14  0  4,807787E-5  0  9,30229E-5  417,0553
583,07  0  4,6698E-5  0  9,500077E-5  416,6692
586  0  4,54681E-5  0  9,551216E-5  416,2838
588,93  0  4,456965E-5  0  9,691829E-5  415,8991
591,86  0  4,396169E-5  0  9,788386E-5  415,5151
594,79  0  4,348937E-5  0  0,0001004892  415,1318
597,72  0  4,299101E-5  0  0,000102592  414,7493
600,65  0  4,243426E-5  0  0,0001054446  414,3674
603,58  0  4,193558E-5  0  0,0001065391  413,9862
606,51  0  4,166164E-5  0  0,0001081615  413,6058
609,44  0  4,16558E-5  0  0,0001096457  413,226
612,37  0  4,179548E-5  0  0,0001128855  412,8469
615,3  0  4,188841E-5  0  0,0001145865  412,4685
618,23  0  4,187855E-5  0  0,000115064  412,0909
621,16  0  4,201723E-5  0  0,0001141596  411,7139
624,09  0  4,260531E-5  0  0,0001151296  411,3376
627,02  3,896111E-6  4,369193E-5  0  0,0001153152  410,962
629,95  7,162104E-5  4,506734E-5  0  0,0001153347  410,587
632,88  0,0001106576  4,657612E-5  0  0,0001139288  410,2128
635,81  0,0001301455  4,842945E-5  0  0,0001139738  409,8392
638,74  0,0001411133  5,125594E-5  0  0,000114066  409,4663
641,67  0,0001735696  5,604022E-5  0  0,0001145246  409,0941
644,6  0,0002238207  6,376187E-5  0  0,0001136155  408,7226
647,53  0,0002940017  7,502366E-5  0  0,0001147443  408,3518
650,46  0,000235253  8,991737E-5  0  0,0001164774  407,9816
653,39  0,0004071357  0,0001083399  0  0,0001179806  407,6121
656,32  0,0006151472  0,0001301608  0  0,0001174283  407,2432
659,25  0,0006611168  0,0001553347  0  0,0001178758  406,875
662,18  0,0004806343  0,0001839072  0  0,0001196366  406,5075
665,11  0,0002788689  0,0002157904  0  0,0001219572  406,1407
668,04  0,0004006766  0,0002503508  0  0,0001223616  405,7745
670,97  0,0006388512  0,0002859818  0  0,0001218821  405,409
673,9  0,0007707232  0,0003198302  0  0,0001223973  405,0441
676,83  0,000742196  0,0003477255  0  0,0001237875  404,6799
679,76  0,0005841703  0,000365426  0  0,0001240957  404,3163
682,69  0,0006945845  0,0003719039  0  0,0001234901  403,9534
685,62  0,0006140029  0,0003702518  0  0,0001237017  403,5912
688,55  0,0005589853  0,0003638899  0  0,0001248877  403,2296
691,48  0,0005082891  0,0003527081  0  0,0001254535  402,8686
694,41  0,0005598832  0,0003338788  0  0,0001251736  402,5083
697,34  0,0004180951  0,0003051174  0  0,0001252079  402,1486
700,27  0,0001763389  0,0002672644  0  0,0001267763  401,7896
703,2  0  0,0002245406  0  0,0001292306  401,4312
706,13  0  0,0001825385  0  0,0001298545  401,0735
709,06  0  0,0001452454  0  0,0001294593  400,7164
711,99  0  0,0001149316  0  0,0001298227  400,3599
714,92  0  9,516239E-5  0  0,0001315208  400,004
717,85  0  9,111888E-5  0  0,0001324274  399,6488
720,78  0  0,0001037267  0  0,0001322474  399,2942
723,71  0  0,0001246197  0  0,000130648  398,9403
726,64  0  0,0001410536  0  0,0001294956  398,587
729,57  0  0,000148743  0  0,0001284428  398,2343
732,5  0  0,0001611401  0  0,0001280652  397,8822
735,43  0  0,0002071009  0  0,0001269797  397,5308
738,36  0  0,0003150986  0  0,0001256914  397,1799
741,29  0  0,0004896399  0  0,0001239376  396,8297
744,22  0  0,0007009847  0  0,0001232345  396,4801
747,15  0  0,0009027014  0  0,0001232624  396,1311
