-896  2,1457E-7  0  -0,0004188172  0,0001978943
-894,25  2,625269E-7  0  -0,0004776035  0,0001855312
-892,5  2,128868E-7  0  -0,0004380091  0,000145034
-890,75  1,807779E-7  0  -0,000409959  0,0001127455
-889  1,90135E-7  0  -0,0004249767  9,762048E-5
-887,25  1,903504E-7  0  -0,0004282448  8,34076E-5
-885,5  1,59607E-7  0  -0,0003944929  6,310607E-5
-883,75  1,326536E-7  0  -0,0003612391  4,647509E-5
-882  1,244392E-7  0  -0,0003507396  3,769492E-5
-880,25  1,143863E-7  0  -0,0003370436  2,806916E-5
-878,5  9,242762E-8  0  -0,0003037431  1,29517E-5
-876,75  7,464183E-8  0  -0,0002732042  -1,129578E-6
-875  6,789602E-8  0  -0,0002603835  -9,821933E-6
-873,25  6,123378E-8  0  -0,0002467973  -1,802486E-5
-871,5  4,903587E-8  0  -0,0002194389  -2,970613E-5
-869,75  3,972931E-8  0  -0,0001949501  -4,151851E-5
-868  3,733779E-8  0  -0,0001865054  -5,053235E-5
-866,25  3,629816E-8  0  -0,0001810357  -5,936525E-5
-864,5  3,273056E-8  0  -0,0001669006  -6,981955E-5
-862,75  3,001605E-8  0  -0,0001542357  -7,891392E-5
-861  3,002945E-8  0  -0,0001511516  -8,475056E-5
-859,25  2,947004E-8  0  -0,00014621  -8,995933E-5
-857,5  2,628943E-8  0  -0,0001305398  -9,617056E-5
-855,75  2,315617E-8  0  -0,0001141296  -0,0001006509
-854  2,137894E-8  0  -0,0001054298  -0,0001013089
-852,25  1,920317E-8  0  -9,581917E-5  -0,0001001092
-850,5  1,587043E-8  0  -7,805785E-5  -9,888076E-5
-848,75  1,293939E-8  0  -6,076331E-5  -9,616244E-5
-847  1,086662E-8  0  -5,139494E-5  -9,069276E-5
-845,25  8,881858E-9  0  -4,257899E-5  -8,407668E-5
-843,5  6,797526E-9  0  -2,776213E-5  -7,76324E-5
-841,75  5,105953E-9  0  -1,406963E-5  -7,005711E-5
-840  3,706115E-9  0  -7,821054E-6  -6,037339E-5
-838,25  2,518704E-9  0  -2,501579E-6  -5,012431E-5
-836,5  1,717543E-9  0  7,632194E-6  -4,073442E-5
-834,75  1,254341E-9  0  1,617935E-5  -3,150507E-5
-833  7,8811E-10  0  1,744839E-5  -2,199236E-5
-831,25  4,920865E-10  0  1,736064E-5  -1,380922E-5
-829,5  5,305565E-10  0  2,144425E-5  -8,408377E-6
-827,75  6,308966E-10  0  2,454384E-5  -5,338221E-6
-826  5,095609E-10  0  2,219511E-5  -4,115568E-6
-824,25  4,463002E-10  0  2,036082E-5  -5,633566E-6
-822,5  7,044079E-10  0  2,447179E-5  -1,027324E-5
-820,75  1,167144E-9  0  2,990595E-5  -1,651601E-5
-819  1,551643E-9  0  3,219038E-5  -2,270291E-5
-817,25  2,100475E-9  0  3,591413E-5  -2,847193E-5
-815,5  3,129076E-9  0  4,485947E-5  -3,341712E-5
-813,75  4,159387E-9  0  5,344359E-5  -3,609945E-5
-812  4,439435E-9  0  5,631897E-5  -3,560349E-5
-810,25  4,309485E-9  0  5,692027E-5  -3,270425E-5
-808,5  4,2591E-9  0  5,867551E-5  -2,857069E-5
-806,75  3,829899E-9  0  5,718541E-5  -2,365858E-5
-805  2,747621E-9  0  4,897348E-5  -1,86874E-5
-803,25  1,768947E-9  0  3,917456E-5  -1,530687E-5
-801,5  1,311899E-9  0  3,306064E-5  -1,479501E-5
-799,75  1,095549E-9  0  2,835346E-5  -1,707718E-5
-798  9,970049E-10  0  2,297357E-5  -2,166149E-5
-796,25  1,292757E-9  0  2,200218E-5  -2,843696E-5
-794,5  2,24636E-9  0  2,977442E-5  -3,687606E-5
-792,75  3,900537E-9  0  4,280856E-5  -4,547488E-5
-791  6,052556E-9  0  5,723786E-5  -5,26914E-5
-789,25  9,036603E-9  0  7,557884E-5  -5,765797E-5
-787,5  1,345478E-8  0  9,955798E-5  -5,952305E-5
-785,75  1,853768E-8  0  0,0001236333  -5,703043E-5
-784  2,263375E-8  0  0,0001421016  -4,940531E-5
-782,25  2,560436E-8  0  0,0001556567  -3,708559E-5
-780,5  2,764898E-8  0  0,0001649108  -2,129319E-5
-778,75  2,70989E-8  0  0,0001645762  -3,685768E-6
-777  2,279848E-8  0  0,00015042  1,312629E-5
-775,25  1,642954E-8  0  0,00012563  2,542937E-5
-773,5  9,828082E-9  0  9,468335E-5  2,937932E-5
-771,75  3,794059E-9  0  5,754538E-5  2,196788E-5
-770  2,467384E-10  0  1,566128E-5  1,209437E-6
-768,25  1,650287E-9  0  -2,279586E-5  -3,362493E-5
-766,5  9,06923E-9  0  -4,960935E-5  -8,129048E-5
-764,75  2,309704E-8  0  -6,288609E-5  -0,000138356
-763  4,38751E-8  0  -6,204407E-5  -0,0002000641
-761,25  7,022646E-8  0  -4,306925E-5  -0,0002614795
-759,5  1,013791E-7  0  -4,463653E-6  -0,0003183695
-757,75  1,378817E-7  0  4,784172E-5  -0,0003682294
-756  1,807442E-7  0  0,0001070357  -0,0004114457
-754,25  2,335928E-7  0  0,0001719893  -0,0004516774
-752,5  3,042495E-7  0  0,0002433026  -0,0004950287
-750,75  4,030134E-7  0  0,0003194037  -0,0005486298
-749  5,452026E-7  0  0,0004023212  -0,0006191447
-747,25  7,580197E-7  0  0,0005022797  -0,0007111504
-745,5  1,080347E-6  0  0,0006314703  -0,000825586
-743,75  1,555828E-6  0  0,0007976991  -0,0009589079
-742  2,232611E-6  0  0,001007752  -0,001103198
-740,25  3,169229E-6  0  0,00127058  -0,001246938
-738,5  4,42611E-6  0  0,001591239  -0,001376251
-736,75  6,044516E-6  0  0,001965757  -0,001476589
-735  8,048452E-6  0  0,002386136  -0,001534538
-733,25  1,046747E-5  0  0,002845682  -0,00153934
-731,5  1,332801E-5  0  0,003335556  -0,001483941
-729,75  1,662452E-5  0  0,003841841  -0,001365568
-728  2,034286E-5  0  0,004351657  -0,001185721
-726,25  2,450932E-5  0  0,004858755  -0,0009496438
-724,5  2,917056E-5  0  0,005359816  -0,0006655338
-722,75  3,434631E-5  0  0,005850498  -0,0003435022
-721  4,006502E-5  0  0,006329691  5,812748E-6
-719,25  4,642236E-5  0  0,006803197  0,0003726448
-717,5  5,35413E-5  0  0,007278755  0,0007490171
-715,75  6,151337E-5  0  0,007761322  0,001129273
-714  7,04563E-5  0  0,008256768  0,001510655
-712,25  8,059352E-5  0  0,008775363  0,001893811
-710,5  9,22058E-5  0  0,009327091  0,002282801
-708,75  0,0001055595  0,02717349  0,009917248  0,00268472
-707  0,0001209732  0,04940698  0,01055012  0,003109369
-705,25  0,0001389023  0,07043991  0,01123235  0,003568847
-703,5  0,0001598567  0,09110519  0,01196815  0,004076767
-701,75  0,0001842812  0,1122184  0,0127547  0,004647454
-700  0,0002126022  0,1344744  0,0135853  0,005295455
-698,25  0,0002453028  0,158339  0,01445284  0,006034742
-696,5  0,0002827988  0,1840904  0,0153462  0,006876994
-694,75  0,0003252749  0,2118609  0,01624725  0,007829547
-693  0,0003727349  0,2415616  0,01713564  0,008894088
-691,25  0,0004250905  0,2728573  0,01799341  0,01006617
-689,5  0,0004820164  0,3053163  0,0188024  0,01133518
-687,75  0,0005428046  0,3385498  0,01954211  0,01268505
-686  0,000606539  0,3721778  0,02019505  0,01409607
-684,25  0,0006723334  0,4057718  0,02075171  0,01554669
-682,5  0,0007392754  0,4389282  0,02120791  0,0170147
-680,75  0,0008063275  0,4713405  0,02156133  0,018478
-679  0,0008725251  0,5027352  0,02181453  0,01991611
-677,25  0,0009371823  0,5328166  0,02197731  0,0213115
-675,5  0,000999755  0,5613445  0,02206205  0,02264997
-673,75  0,001059661  0,5881977  0,02207912  0,02392014
-672  0,00111638  0,6132992  0,02203895  0,02511304
-670,25  0,001169527  0,6365587  0,02195354  0,02622153
-668,5  0,001218595  0,6579682  0,02183121  0,02723955
-666,75  0,001262761  0,677698  0,02167194  0,02816183
-665  0,001301081  0,6960409  0,02147029  0,02898461
-663,25  0,001332727  0,7133354  0,02121927  0,02970639
-661,5  0,001356909  0,7300051  0,0209083  0,03032742
-659,75  0,001372803  0,7465991  0,02052133  0,03084929
-658  0,001379795  0,7637129  0,02004124  0,03127529
-656,25  0,001377737  0,7819098  0,01945432  0,03161118
-654,5  0,001366902  0,8017539  0,01874907  0,03186494
-652,75  0,001347915  0,8238191  0,01791572  0,03204593
-651  0,00132188  0,848553  0,01695158  0,03216402
-649,25  0,001290362  0,8761437  0,01586522  0,03222819
-647,5  0,001254996  0,9065468  0,0146729  0,03224441
-645,75  0,001217139  0,939562  0,01339384  0,03221404
-644  0,001177825  0,9748036  0,01205101  0,03213406
-642,25  0,001137743  1,011678  0,01067179  0,03199775
-640,5  0,001097071  1,049516  0,009283224  0,03179455
-638,75  0,001055417  1,087717  0,007907622  0,03151011
-637  0,001012044  1,125752  0,006564499  0,03112798
-635,25  0,0009661505  1,163136  0,005272714  0,03063248
-633,5  0,0009170676  1,199539  0,004047474  0,03001142
-631,75  0,0008644781  1,234868  0,002898043  0,02925884
-630  0,0008086372  1,269147  0,001831392  0,02837751
-628,25  0,0007503789  1,302364  0,0008553474  0,02737969
-626,5  0,0006908912  1,334527  -2,451429E-5  0,0262848
-624,75  0,0006314695  1,365761  -0,0008081894  0,02511606
-623  0,0005733528  1,396222  -0,001498615  0,02389784
-621,25  0,0005175849  1,425955  -0,002098272  0,02265352
-619,5  0,0004648983  1,454966  -0,002610531  0,02140288
-617,75  0,000415686  1,483297  -0,003040809  0,02016035
-616  0,0003700521  1,5109  -0,003392943  0,01893515
-614,25  0,0003278902  1,537489  -0,003666547  0,01773264
-612,5  0,0002889789  1,562679  -0,003860329  0,01655526
-610,75  0,0002530869  1,58616  -0,003975416  0,01540399
-609  0,0002200427  1,607554  -0,004013226  0,01428064
-607,25  0,0001897505  1,6262  -0,003973369  0,0131895
-605,5  0,0001621815  1,641286  -0,003856931  0,01213695
-603,75  0,0001373566  1,652083  -0,003669877  0,01113052
-602  0,0001153107  1,65785  -0,003421251  0,01017869
-600,25  9,605477E-5  0  -0,003121044  0,009290525
-598,5  7,954984E-5  0  -0,002782456  0,008473947
-596,75  6,568371E-5  0  -0,002423373  0,007733756
-595  5,425053E-5  0  -0,002062333  0,007070878
-593,25  4,49564E-5  0  -0,001714384  0,006482074
-591,5  3,744995E-5  0  -0,001391907  0,00595924
-589,75  3,135858E-5  0  -0,001105505  0,005489667
-588  2,632738E-5  0  -0,000860294  0,005058386
-586,25  2,205876E-5  0  -0,0006529205  0,00465107
-584,5  1,833741E-5  0  -0,0004744051  0,004255861
-582,75  1,503683E-5  0  -0,0003141439  0,00386499
-581  1,2115E-5  0  -0,0001603079  0,003476967
-579,25  9,594419E-6  0  -1,046177E-6  0,003097486
-577,5  7,521324E-6  0  0,0001697618  0,002737244
-575,75  5,919572E-6  0  0,0003481513  0,002407979
-574  4,762182E-6  0  0,0005226065  0,002118741
-572,25  3,966727E-6  0  0,0006789328  0,001872372
-570,5  3,40666E-6  0  0,000802309  0,001662216
-568,75  2,939274E-6  0  0,000880009  0,001471346
-567  2,452158E-6  0  0,0009078748  0,0012759
-565,25  1,904265E-6  0  0,0008946823  0,001050623
-563,5  1,337547E-6  0  0,0008592719  0,0007740791
-561,75  8,686181E-7  0  0,0008250702  0,0004334481
-560  6,685894E-7  0  0,0008171644  2,883942E-5
-558,25  9,183478E-7  0  0,0008587548  -0,0004253093
-556,5  1,746288E-6  0  0,0009643188  -0,0009035362
-554,75  3,180841E-6  0  0,001135462  -0,001375343
-553  5,1409E-6  0  0,001364426  -0,001810868
-551,25  7,467871E-6  0  0,001640314  -0,00218569
-549,5  9,984874E-6  0  0,001952266  -0,00248466
-547,75  1,25589E-5  0  0,002292144  -0,002702771
-546  1,514999E-5  0  0,002659471  -0,002842042
-544,25  1,783542E-5  0  0,003063566  -0,002906885
-542,5  2,079639E-5  0  0,003518848  -0,002900706
-540,75  2,427983E-5  0  0,004038343  -0,002823404
-539  2,856682E-5  0  0,004630635  -0,002669089
-537,25  3,394732E-5  0  0,005297405  -0,002425864
-535,5  4,066959E-5  0  0,006028853  -0,002079067
-533,75  4,888082E-5  0  0,006802204  -0,001615811
-532  5,862598E-5  0  0,007587427  -0,001028073
-530,25  6,990581E-5  0  0,008355058  -0,0003143378
-528,5  8,27234E-5  0  0,009080385  0,0005196211
-526,75  9,712746E-5  0  0,009746229  0,001462355
-525  0,0001133154  0  0,01034691  0,002501397
-523,25  0,0001317296  0,08442638  0,01088882  0,003628127
-521,5  0,0001530273  0,164798  0,01138425  0,004840046
-519,75  0,0001779868  0,2411522  0,01184367  0,006141191
-518  0,0002074793  0,31387  0,01227181  0,007542022
-516,25  0,000242445  0,383621  0,01266516  0,009057519
-514,5  0,0002837582  0,4512571  0,01300824  0,01070252
-512,75  0,0003320865  0,5176862  0,01327286  0,0124867
-511  0,0003879071  0,5836717  0,013424  0,01441191
-509,25  0,0004515826  0,6496668  0,01342694  0,01647118
-507,5  0,0005233267  0,715815  0,01325058  0,01864803
-505,75  0,0006031566  0,782032  0,0128695  0,02091728
-504  0,0006909711  0,8480365  0,01226788  0,02324802
-502,25  0,000786582  0,913397  0,01144113  0,0256063
-500,5  0,0008895191  0,977687  0,01039218  0,02795571
-498,75  0,0009988092  1,040624  0,009127137  0,03025731
-497  0,001112963  1,102068  0,007655151  0,03247093
-495,25  0,001230031  1,161971  0,005989631  0,03455656
-493,5  0,001347563  1,220381  0,004147089  0,03647416
-491,75  0,001462608  1,277434  0,002146664  0,03818377
-490  0,001571924  1,333271  1,282504E-5  0,0396475
-488,25  0,001672219  1,387984  -0,002223047  0,04083231
-486,5  0,00176036  1,441668  -0,004525587  0,04171186
-484,75  0,001833688  1,494453  -0,006858576  0,04226876
-483  0,001890396  1,546437  -0,009184424  0,04249755
-481,25  0,001929689  1,597622  -0,01146398  0,04240597
-479,5  0,001951654  1,647971  -0,01366076  0,04201235
-477,75  0,001957055  1,697507  -0,015746  0,04134149
-476  0,001947214  1,746325  -0,01769998  0,04042183
-474,25  0,001923875  1,794587  -0,01951144  0,03928331
-472,5  0,00188905  1,842542  -0,02117784  0,03795457
-470,75  0,001844841  1,890521  -0,02270335  0,03646092
-469  0,001793236  1,938831  -0,02409339  0,03482448
-467,25  0,001735952  1,987695  -0,02535076  0,03306495
-465,5  0,001674462  2,037295  -0,02647715  0,03119972
-463,75  0,001610162  2,087808  -0,02747546  0,02924485
-462  0,001544433  2,139331  -0,02834819  0,02721788
-460,25  0,001478524  2,191793  -0,029095  0,0251397
-458,5  0,001413407  2,244967  -0,02971327  0,02303321
-456,75  0,001349692  2,298546  -0,03019954  0,0209208
-455  0,001287553  2,352163  -0,03054884  0,01882343
-453,25  0,001226756  2,40542  -0,03075467  0,01676026
-451,5  0,001166856  2,457985  -0,03081182  0,01474745
-449,75  0,001107375  2,509654  -0,03071816  0,01279726
-448  0,001047797  2,560315  -0,03047242  0,01091917
-446,25  0,0009875433  2,609906  -0,0300724  0,009121075
-444,5  0,0009261707  2,658456  -0,02951733  0,007409327
-442,75  0,0008635931  2,706093  -0,02881107  0,00578926
-441  0,0008000963  2,752949  -0,02796223  0,004267325
-439,25  0,0007362474  2,799073  -0,02698354  0,002852385
-437,5  0,0006728779  2,844444  -0,0258933  0,001554067
-435,75  0,0006110241  2,889001  -0,02471597  0,0003804025
-434  0,0005517173  2,932601  -0,02347932  -0,0006625317
-432,25  0,0004958101  2,974964  -0,02221137  -0,001570131
-430,5  0,0004439805  3,015668  -0,02094052  -0,002339862
-428,75  0,0003967463  3,054154  -0,01969553  -0,002971915
-427  0,0003543776  3,089713  -0,01850258  -0,00346874
-425,25  0,0003168768  3,121541  -0,01738298  -0,003835198
-423,5  0,0002841228  3,1489  -0,01635458  -0,004080486
-421,75  0,000255993  3,171261  -0,0154334  -0,004219364
-420  0,0002323359  3,188376  -0,01463205  -0,004270723
-418,25  0,0002129236  3,200338  -0,01395754  -0,004255674
-416,5  0,0001974922  3,207714  -0,01341165  -0,0041976
-414,75  0,000185769  3,211677  -0,01299127  -0,004122619
-413  0,0001774108  3,214008  -0,01268622  -0,004058391
-411,25  0,0001719562  3,216973  -0,01247778  -0,004032527
-409,5  0,0001688662  3,223116  -0,01234038  -0,004072019
-407,75  0,0001675634  3,234985  -0,01224367  -0,004201899
-406  0,0001674002  3,254824  -0,01215198  -0,004441794
-404,25  0,0001676589  3,284391  -0,01202464  -0,0048028
-402,5  0,0001676691  3,324986  -0,01182018  -0,005287012
-400,75  0,0001669446  3,377547  -0,01150116  -0,005887942
-399  0,0001652244  3,442683  -0,01103623  -0,006589851
-397,25  0,0001624701  3,520696  -0,01040129  -0,00736771
-395,5  0,0001588932  3,611594  -0,009582313  -0,008189781
-393,75  0,0001549362  3,715052  -0,008576452  -0,009021124
-392  0,0001511537  3,830403  -0,007389284  -0,009826095
-390,25  0,0001481251  3,956712  -0,006031245  -0,01057115
-388,5  0,0001464862  4,09277  -0,004516462  -0,01122888
-386,75  0,0001469653  4,236915  -0,002861297  -0,01178042
-385  0,0001503413  4,386978  -0,001080157  -0,0122137
-383,25  0,0001574148  4,540429  0,0008179734  -0,01251982
-381,5  0,0001690416  4,694494  0,002828543  -0,01269019
-379,75  0,0001861383  4,846324  0,004948072  -0,01271436
-378  0,0002096195  4,993392  0,007171383  -0,01257739
-376,25  0,0002403182  5,133832  0,009488063  -0,01225948
-374,5  0,0002788797  5,266432  0,01187731  -0,01173922
-372,75  0,0003255978  5,390552  0,01430527  -0,01099805
-371  0,0003802857  5,506172  0,01672799  -0,01002297
-369,25  0,0004422813  5,613808  0,01909687  -0,00880856
-367,5  0,0005105442  5,714223  0,02136312  -0,00735944
-365,75  0,0005838202  5,808217  0,0234826  -0,00569103
-364  0,000660939  5,896586  0,02542236  -0,003826555
-362,25  0,0007411421  5,980086  0,02716484  -0,001792695
-360,5  0,0008241982  6,059345  0,02870629  0,0003835834
-358,75  0,0009103149  6,134864  0,03005233  0,002678123
-357  0,001000065  6,207116  0,03121416  0,005073624
-355,25  0,001094323  6,276608  0,0322047  0,007561755
-353,5  0,001194036  6,343837  0,03303334  0,01014076
-351,75  0,001299958  6,409233  0,03370225  0,0128108
-350  0,001412516  6,473144  0,03420642  0,01557037
-348,25  0,001531719  6,535837  0,03453471  0,01841393
-346,5  0,001656974  6,597533  0,03466979  0,02133024
-344,75  0,001787109  6,658463  0,03458981  0,02430338
-343  0,001920885  6,718905  0,0342736  0,02731676
-341,25  0,002057569  6,779154  0,03370534  0,03035653
-339,5  0,002197049  6,839473  0,03287472  0,0334111
-337,75  0,002339621  6,900066  0,03177452  0,03646918
-336  0,002485912  6,961087  0,03039939  0,03951947
-334,25  0,002636849  7,022653  0,02874513  0,04255075
-332,5  0,002793453  7,08484  0,0268074  0,04555015
-330,75  0,002956616  7,147683  0,0245818  0,04850104
-329  0,003127048  7,211145  0,02206614  0,05138223
-327,25  0,003305132  7,27514  0,01926108  0,05416773
-325,5  0,003490595  7,339599  0,01616726  0,05682618
-323,75  0,003682578  7,404548  0,01278265  0,05932269
-322  0,003880369  7,470101  0,009104235  0,06162371
-320,25  0,004084163  7,536391  0,005131884  0,06370108
-318,5  0,004295166  7,603493  0,0008707667  0,06553173
-316,75  0,004515241  7,671381  -0,003667173  0,0670954
-315  0,004746558  7,739908  -0,008461536  0,06837368
-313,25  0,004991205  7,808815  -0,01348377  0,06934979
-311,5  0,005250738  7,877811  -0,01870075  0,07000729
-309,75  0,005525972  7,94664  -0,02407856  0,07032919
-308  0,00581716  8,015108  -0,02958361  0,07029914
-306,25  0,006124281  8,083077  -0,03518327  0,06990292
-304,5  0,006447273  8,150473  -0,04084737  0,06912861
-302,75  0,006786203  8,217272  -0,04654782  0,06796693
-301  0,007141147  8,283429  -0,05225439  0,06641254
-299,25  0,007511534  8,348853  -0,05793077  0,06446363
-297,5  0,007895472  8,413451  -0,06353531  0,06211873
-295,75  0,00828992  8,47719  -0,06902517  0,05937547
-294  0,008691835  8,540088  -0,07436038  0,05623495
-292,25  0,009099492  8,602155  -0,07950666  0,05270847
-290,5  0,009513058  8,663347  -0,08443697  0,04882065
-288,75  0,009933907  8,723551  -0,08912984  0,04460693
-287  0,01036307  8,782612  -0,0935653  0,04010744
-285,25  0,01080007  8,840403  -0,09772312  0,03535901
-283,5  0,01124308  8,896901  -0,1015854  0,03038901
-281,75  0,01168981  8,95219  -0,105138  0,02521541
-280  0,01213752  9,006383  -0,1083668  0,01985305
-278,25  0,01258183  9,059572  -0,1112511  0,01431886
-276,5  0,01301602  9,11185  -0,1137608  0,008631201
-274,75  0,01343166  9,163352  -0,115861  0,002807209
-273  0,01382062  9,214245  -0,1175193  -0,003134827
-271,25  0,01417713  9,264648  -0,1187143  -0,009167772
-269,5  0,01449809  9,314553  -0,1194387  -0,015248
-267,75  0,01478106  9,36379  -0,1196947  -0,02131294
-266  0,01502073  9,412101  -0,1194829  -0,02728693
-264,25  0,01520759  9,459276  -0,1187952  -0,03309513
-262,5  0,01533043  9,505284  -0,1176196  -0,03867892
-260,75  0,01538073  9,550269  -0,115951  -0,04400114
-259  0,01535479  9,594439  -0,1137989  -0,04903671
-257,25  0,01525256  9,637922  -0,1111878  -0,05375729
-255,5  0,01507496  9,680707  -0,1081515  -0,05812244
-253,75  0,01482205  9,722679  -0,1047277  -0,06208182
-252  0,01449352  9,763689  -0,1009566  -0,06558419
-250,25  0,01409153  9,80359  -0,0968878  -0,06858775
-248,5  0,01362366  9,84221  -0,09259093  -0,07106744
-246,75  0,01310343  9,879298  -0,08815911  -0,07301645
-245  0,01254751  9,914518  -0,0836992  -0,07444428
-243,25  0,0119725  9,947534  -0,07931389  -0,07537774
-241,5  0,01139353  9,978144  -0,07508566  -0,07586613
-239,75  0,01082408  10,00639  -0,07106749  -0,07598353
-238  0,01027553  10,03258  -0,0672807  -0,07582106
-236,25  0,009756094  10,05721  -0,063719  -0,07547174
-234,5  0,009270271  10,08084  -0,06035694  -0,07501541
-232,75  0,008818656  10,10399  -0,05715889  -0,0745085
-231  0,00839837  10,12708  -0,05408633  -0,07397999
-229,25  0,008004322  10,15038  -0,05110503  -0,07343431
-227,5  0,007630996  10,174  -0,04819209  -0,07285958
-225,75  0,007273591  10,19786  -0,04533911  -0,07223543
-224  0,006927959  10,22179  -0,04254931  -0,07153681
-222,25  0,00659023  10,24551  -0,03983263  -0,07073607
-220,5  0,00625694  10,26871  -0,03720308  -0,06980595
-218,75  0,005925261  10,29104  -0,03467808  -0,06872185
-217  0,005592912  10,31211  -0,03227716  -0,06746182
-215,25  0,00525825  10,33154  -0,03002012  -0,06600789
-213,5  0,004921015  10,34894  -0,02792587  -0,06435185
-211,75  0,004583201  10,36402  -0,02601077  -0,06250313
-210  0,00424938  10,3766  -0,02428637  -0,06049423
-208,25  0,003926451  10,38667  -0,02275875  -0,05838228
-206,5  0,00362283  10,39435  -0,02142966  -0,05624588
-204,75  0,00334686  10,39993  -0,02029566  -0,05417515
-203  0,003104815  10,40386  -0,01934245  -0,05225595
-201,25  0,002899572  10,40691  -0,01853841  -0,05055591
-199,5  0,002730597  10,4101  -0,01783308  -0,049118
-197,75  0,00259475  10,41472  -0,01716273  -0,0479603
-196  0,002487199  10,422  -0,01646107  -0,04707688
-194,25  0,002402243  10,43288  -0,01567289  -0,04643924
-192,5  0,002334046  10,44776  -0,01476625  -0,04600004
-190,75  0,002277081  10,46635  -0,0137376  -0,04569858
-189  0,002226287  10,48786  -0,01260854  -0,0454677
-187,25  0,002177397  10,51114  -0,01141912  -0,04524379
-185,5  0,002127566  10,53489  -0,01022283  -0,04497843
-183,75  0,002075702  10,55767  -0,009082912  -0,0446453
-182  0,002022042  10,57799  -0,008067406  -0,04423753
-180,25  0,001967277  10,59435  -0,007242596  -0,04375868
-178,5  0,001911865  10,60532  -0,006665909  -0,04321378
-176,75  0,001855681  10,60977  -0,006378061  -0,04260283
-175  0,001797955  10,60696  -0,006395672  -0,04191719
-173,25  0,001737502  10,59674  -0,006708019  -0,04114006
-171,5  0,001673071  10,57945  -0,007279315  -0,04025025
-169,75  0,001603376  10,55587  -0,008053141  -0,03922401
-168  0,001526673  10,5271  -0,008956137  -0,03803236
-166,25  0,001440422  10,49439  -0,009902917  -0,03663815
-164,5  0,001341608  10,45892  -0,01080505  -0,03499798
-162,75  0,001227693  10,42146  -0,01158298  -0,03306853
-161  0,001097858  10,38202  -0,01217761  -0,03081499
-159,25  0,000954247  10,33966  -0,01255981  -0,0282223
-157,5  0,0008027502  10,2922  -0,01273468  -0,02530965
-155,75  0,0006525474  10,23643  -0,01273582  -0,02214376
-154  0,0005141076  10,16875  -0,01260787  -0,0188454
-152,25  0,0003962761  10,08699  -0,01238339  -0,01558614
-150,5  0,0003036118  9,99366  -0,01206346  -0,01257317
-148,75  0,000235146  9,899606  -0,01160876  -0,01001911
-147  0,0001854005  9,824776  -0,01094421  -0,008100908
-145,25  0,0001474641  9,794118  -0,009977373  -0,006922145
-143,5  0,0001165564  9,832909  -0,008625025  -0,006493486
-141,75  9,211047E-5  0  -0,006836534  -0,006735894
-140  7,749515E-5  0  -0,004604462  -0,007502938
-138,25  7,807838E-5  0  -0,001961434  -0,00861575
-136,5  9,909058E-5  0  0,001031454  -0,009900843
-134,75  0,0001443194  11,12432  0,004298788  -0,01121783
-133  0,0002157396  11,31515  0,007761987  -0,01246961
-131,25  0,0003135697  11,45353  0,01134202  -0,01359884
-129,5  0,0004361262  11,55641  0,01495238  -0,01457918
-127,75  0,000579104  11,63448  0,01848767  -0,01540487
-126  0,000734429  11,69401  0,02181516  -0,0160788
-124,25  0,0008892944  11,73878  0,02477306  -0,0166009
-122,5  0,001026057  11,77127  0,02717506  -0,01695799
-120,75  0,001123402  11,79332  0,02881925  -0,01711293
-119  0,00115888  11,80657  0,02949859  -0,01699154
-117,25  0,001112876  11,81281  0,0290104  -0,01647035
-115,5  0,0009742744  11,81437  0,02716783  -0,01536827
-113,75  0,0007481109  11,81534  0,02381968  -0,01344373
-112  0,00046469  11,82562  0,01888092  -0,01040196
-110,25  0,0001879903  11,88259  0,0123663  -0,005921576
-108,5  1,959131E-5  0  0,004416243  0,0002968333
-106,75  9,377065E-5  0  -0,004689789  0,008472103
-105  0,0005605605  14,56074  -0,0145308  0,01869268
-103,25  0,001556694  14,57153  -0,02454948  0,03088717
-101,5  0,003168912  14,54991  -0,03406529  0,04481593
-99,75  0,005398588  14,51343  -0,04230014  0,06007734
-98  0,00813885  14,46659  -0,04842641  0,07611657
-96,25  0,01117289  14,41045  -0,05164582  0,09222578
-94,5  0,01419515  14,34505  -0,05129483  0,107536
-92,75  0,01685025  14,27008  -0,04695478  0,1210186
-91  0,0187821  14,185  -0,03853679  0,1315181
-89,25  0,01968832  14,08866  -0,02632036  0,1378244
-87,5  0,01937889  13,97865  -0,01094187  0,1387774
-85,75  0,01783743  13,85012  0,006654899  0,1333909
-84  0,01527568  13,69392  0,02528663  0,1209804
-82,25  0,01215902  13,49344  0,04360195  0,1012813
-80,5  0,009176082  13,22099  0,06015662  0,07454705
-78,75  0,007134686  12,84433  0,07350436  0,04161485
-77  0,006790306  12,37673  0,08231011  0,003918078
-75,25  0,008643446  11,92486  0,08547421  -0,03657328
-73,5  0,01276817  11,57352  0,08224142  -0,07748885
-71,75  0,01873634  11,31461  0,07227202  -0,1162458
-70  0,02567331  11,1132  0,05566857  -0,1502475
-68,25  0,03243609  10,94248  0,03297055  -0,1770566
-66,5  0,03786736  10,78477  0,005137167  -0,1945276
-64,75  0,04106288  10,62736  -0,0264722  -0,2009032
-63  0,04159888  10,4591  -0,0601328  -0,1948921
-61,25  0,03968606  10,26796  -0,09382722  -0,1757342
-59,5  0,03623247  10,03946  -0,1253568  -0,1432415
-57,75  0,032808  9,757943  -0,1524574  -0,09779943
-56  0,03151487  9,416892  -0,1728771  -0,04035333
-54,25  0,03476889  9,039231  -0,1844163  0,02755973
-52,5  0,04497317  8,676671  -0,1849881  0,1036946
-50,75  0,06405495  8,368173  -0,1727744  0,1849431
-49  0,09289433  8,11821  -0,1465045  0,2672653
-47,25  0,1307913  7,913652  -0,105794  0,3458307
-45,5  0,1752081  7,739923  -0,05141496  0,4154089
-43,75  0,2219934  7,585746  0,01461927  0,4709349
-42  0,2661206  7,443012  0,08919086  0,5081
-40,25  0,302752  7,30576  0,1683861  0,5238302
-38,5  0,3283087  7,169343  0,247904  0,5165775
-36,75  0,3412616  7,02984  0,3235258  0,4864079
-35  0,3424836  6,883661  0,3916244  0,4348723
-33,25  0,3351235  6,727362  0,4496333  0,3646278
-31,5  0,3240635  6,557852  0,4963034  0,2788304
-29,75  0,3151174  6,373253  0,5315585  0,180452
-28  0,3141881  6,174434  0,555907  0,07180214
-26,25  0,3265369  5,966301  0,5696209  -0,045485
-24,5  0,3561707  5,757243  0,5720948  -0,169936
-22,75  0,4052393  5,556278  0,5617672  -0,2994277
-21  0,4734128  5,369959  0,5367248  -0,4305105
-19,25  0,5574277  5,201333  0,4957445  -0,5582697
-17,5  0,6511456  5,050848  0,4392876  -0,676884
-15,75  0,7463775  4,917731  0,3699699  -0,7807047
-14  0,8343933  4,800862  0,2922575  -0,8654356
-12,25  0,9076467  4,699031  0,2114806  -0,9289363
-10,5  0,9610194  4,610812  0,1325487  -0,9713137
-8,75  0,9920306  4,534353  0,05889587  -0,9942645
-7  1  4,467274  -0,007912878  -0,9999687
-5,25  0,9848238  4,406827  -0,06778629  -0,9900651
-3,5  0,9463294  4,350295  -0,1211782  -0,9652177
-1,75  0,8847882  4,29546  -0,1681483  -0,9254806
0  0,8022882  4,240917  -0,207923  -0,8712383
1,75  0,7039182  4,186102  -0,2391777  -0,8041842
3,5  0,5976929  4,131043  -0,2608392  -0,7277746
5,25  0,4929504  4,07596  -0,2729123  -0,646892
7  0,3980015  4,020932  -0,2768232  -0,5668955
8,75  0,3182761  3,965893  -0,275062  -0,4925616
10,5  0,2557754  3,911285  -0,2703133  -0,4274414
12,25  0,2097475  3,859389  -0,2645351  -0,3738565
14  0,1779207  3,815729  -0,2584359  -0,333364
15,75  0,1576796  3,789209  -0,251528  -0,3072673
17,5  0,1469391  3,789917  -0,2426004  -0,2967897
19,25  0,1447075  3,825018  -0,2302667  -0,3027949
21  0,1512758  3,894763  -0,2132872  -0,3252451
22,75  0,1679044  3,991439  -0,1905801  -0,3627445
24,5  0,1960504  4,1029  -0,1610582  -0,4124448
26,25  0,2364942  4,218359  -0,1235287  -0,4703561
28  0,288799  4,33174  -0,07682432  -0,5318806
29,75  0,3512184  4,441171  -0,02015495  -0,592294
31,5  0,420766  4,546926  0,04649452  -0,6469963
33,25  0,4931727  4,649986  0,1221305  -0,6915611
35  0,5628819  4,751622  0,2047651  -0,7217709
36,75  0,6235167  4,853413  0,2915888  -0,7338206
38,5  0,6689383  4,957192  0,3791369  -0,7247024
40,25  0,6944325  5,064823  0,4633784  -0,6926132
42  0,6974383  5,178019  0,5398107  -0,6372148
43,75  0,6777155  5,298375  0,6036919  -0,5597067
45,5  0,637247  5,427581  0,6504413  -0,4627884
47,25  0,5800064  5,567632  0,6760978  -0,3505683
49  0,5114333  5,720944  0,6776993  -0,228379
50,75  0,437625  5,890521  0,6535543  -0,1024296
52,5  0,3646087  6,080238  0,6034741  0,02067982
54,25  0,2979019  6,294865  0,5289868  0,1344427
56  0,2420556  6,538919  0,4334187  0,2328173
57,75  0,1999118  6,813707  0,3216961  0,3105212
59,5  0,1720055  7,113934  0,1998698  0,3633972
61,25  0,1568043  7,427364  0,07455797  0,3889029
63  0,1516795  7,738997  -0,04748055  0,3865554
64,75  0,1536919  8,036165  -0,1596366  0,3580615
66,5  0,1596917  8,311378  -0,2557841  0,3070281
68,25  0,1662723  8,563034  -0,3307915  0,2384308
70  0,1702405  8,794298  -0,3811032  0,1581166
71,75  0,1693705  9,01063  -0,4051205  0,07244211
73,5  0,1627298  9,217513  -0,4032171  -0,01207491
75,25  0,1504535  9,419716  -0,3774789  -0,08923677
77  0,1334592  9,62195  -0,3313946  -0,1537425
78,75  0,1133552  9,829797  -0,2696045  -0,2016646
80,5  0,09226749  10,04999  -0,197625  -0,230677
82,25  0,07237671  10,29012  -0,1214203  -0,2400704
84  0,05541054  10,55805  -0,04684001  -0,2306871
85,75  0,04239419  10,86016  0,02092112  -0,2048329
87,5  0,03362285  11,19596  0,07770172  -0,1660882
89,25  0,02868709  11,55072  0,1205943  -0,1189289
91  0,0265795  11,8976  0,1480838  -0,06819609
92,75  0,02598326  12,2137  0,1601198  -0,01857148
94,5  0,02564625  12,49109  0,1580496  0,02581812
96,25  0,02463979  12,73293  0,1443486  0,06167064
98  0,02245379  12,94632  0,1222039  0,08671789
99,75  0,01901829  13,13918  0,09508492  0,09988568
101,5  0,01467907  13,3199  0,06640344  0,1013393
103,25  0,01007116  13,49796  0,03926493  0,0923549
105  0,005895014  13,68661  0,01625748  0,07503804
106,75  0,00270196  13,91424  -0,0007417776  0,05197509
108,5  0,0007854577  14,29189  -0,01070495  0,025901
110,25  0,000182178  15,51355  -0,01348498  -0,0005773559
112  0,0007295273  16,67317  -0,009726425  -0,0251977
113,75  0,002134788  17,02676  -0,0006838944  -0,0461987
115,5  0,004039001  17,23166  0,0120091  -0,06240819
117,25  0,006073457  17,38965  0,02658329  -0,07325835
119  0,00791012  17,52518  0,04135599  -0,07873882
120,75  0,009303954  17,64708  0,0549026  -0,07930737
122,5  0,01011821  17,75934  0,06615947  -0,0757703
124,25  0,01032452  17,86401  0,07446125  -0,06913785
126  0,009981498  17,96228  0,07953014  -0,06046863
127,75  0,009204974  18,0552  0,08143275  -0,05073146
129,5  0,008139258  18,1442  0,0805106  -0,04070995
131,25  0,006931364  18,23138  0,07728554  -0,03095656
133  0,005709096  18,31981  0,0723484  -0,02179003
134,75  0,004566652  18,41382  0,06624964  -0,01332805
136,5  0,003560974  18,51928  0,05941563  -0,005545894
138,25  0,002718092  18,64405  0,05210913  0,001652428
140  0,002044876  18,79835  0,04444035  0,008362497
141,75  0,001539906  18,99395  0,03641901  0,01461375
143,5  0,00119831  19,23966  0,02802596  0,02031885
145,25  0,001009514  19,53111  0,01928013  0,02525452
147  0,0009517837  19,84331  0,01028388  0,02908652
148,75  0,000989633  20,14368  0,001241355  0,03143393
150,5  0,001077978  20,41505  -0,007545856  0,03195369
152,25  0,001172056  20,65953  -0,01569906  0,0304236
154  0,001238079  20,88785  -0,02279392  0,02680516
155,75  0,001259113  21,11108  -0,02840078  0,02127225
157,5  0,001234174  21,33778  -0,03213226  0,01420183
159,25  0,00117294  21,57384  -0,03369424  0,006135038
161  0,001089806  21,82307  -0,03293337  -0,002280072
162,75  0,0009996549  22,08771  -0,02987252  -0,01035797
164,5  0,0009159834  22,3685  -0,0247276  -0,01745076
166,25  0,0008502977  22,6637  -0,01790244  -0,02301739
168  0,0008107825  22,96738  -0,009960402  -0,02667532
169,75  0,0007994939  23,2691  -0,0015724  -0,02823157
171,5  0,0008099345  23,55717  0,00655524  -0,0276941
173,25  0,0008276414  23,82357  0,01376296  -0,02526306
175  0,000834529  24,06641  0,01951454  -0,02130051
176,75  0,000815176  24,2887  0,02345353  -0,01628214
178,5  0,0007620648  24,49604  0,02543174  -0,01073739
180,25  0,0006775719  24,69498  0,02550843  -0,005185752
182  0,0005722912  24,89217  0,02392247  -8,048946E-5
183,75  0,0004606506  25,09383  0,02104221  0,004228023
185,5  0,0003556913  25,30489  0,01730158  0,007506451
187,25  0,0002654508  25,52855  0,01313592  0,009638376
189  0,000192499  25,76697  0,008931353  0,01061743
190,75  0,0001358947  26,02343  0,004995921  0,01053259
192,5  9,349533E-5  0  0,001551508  0,009544012
194,25  6,330525E-5  0  -0,001261212  0,007855864
196  4,378775E-5  0  -0,003372022  0,005693612
197,75  3,352848E-5  0  -0,004768101  0,003285375
199,5  3,074116E-5  0  -0,00547992  0,0008435871
201,25  3,310799E-5  0  -0,005567792  -0,001451786
203  3,81257E-5  0  -0,005110944  -0,003464671
204,75  4,37345E-5  0  -0,004199514  -0,005108677
206,5  4,887638E-5  0  -0,002928708  -0,006348153
208,25  5,367961E-5  0  -0,001394728  -0,007192659
210  5,914393E-5  0  0,0003074183  -0,007684362
211,75  6,648674E-5  0  0,002084535  -0,007882985
213,5  7,645088E-5  0  0,003845341  -0,007852658
215,25  8,879148E-5  0  0,00550125  -0,007650342
217  0,0001020936  30,36904  0,006969089  -0,007316105
218,75  0,000114056  30,47996  0,008176765  -0,006869969
220,5  0,0001222021  30,57039  0,009071352  -0,006317648
222,25  0,0001247157  30,64723  0,009627069  -0,005659971
224  0,0001210395  30,7171  0,009850215  -0,004900282
225,75  0,0001120444  30,78606  0,009779497  -0,00405041
227,5  9,973445E-5  0  0,009481335  -0,003136677
229,25  8,657095E-5  0  0,009039993  -0,002202155
231  7,468501E-5  0  0,008543454  -0,001301696
232,75  6,533639E-5  0  0,008068046  -0,0004929632
234,5  5,879591E-5  0  0,007665931  0,0001714796
236,25  5,457209E-5  0  0,007358592  0,0006505514
238  5,179394E-5  0  0,007137743  0,0009200885
239,75  4,957713E-5  0  0,006973333  0,0009745552
241,5  4,727562E-5  0  0,006826198  0,0008237972
243,25  4,461037E-5  0  0,006661163  0,0004891661
245  4,169193E-5  0  0,006456928  2,520841E-6
246,75  3,893478E-5  0  0,006211384  -0,0005945547
248,5  3,688339E-5  0  0,005942269  -0,001254127
250,25  3,600241E-5  0  0,005682961  -0,00192519
252  3,648651E-5  0  0,005473673  -0,002554488
253,75  3,816308E-5  0  0,005350186  -0,003088461
255,5  4,05542E-5  0  0,005333356  -0,003479873
257,25  4,306015E-5  0  0,00542207  -0,003696122
259  4,51402E-5  0  0,005591551  -0,003724884
260,75  4,641813E-5  0  0,005798273  -0,003577451
262,5  4,67164E-5  0  0,005990788  -0,003290418
264,25  4,603247E-5  0  0,006123238  -0,00292206
266  4,449721E-5  0  0,006167679  -0,002541052
267,75  4,237934E-5  0  0,006122651  -0,002211897
269,5  4,012425E-5  0  0,006016229  -0,00198223
271,25  3,833754E-5  0  0,005901886  -0,001872241
273  3,76708E-5  0  0,005846949  -0,001866544
274,75  3,866527E-5  0  0,005916396  -0,001913512
276,5  4,164429E-5  0  0,006156191  -0,001935356
278,25  4,669557E-5  0  0,006579768  -0,001844511
280  5,370795E-5  0  0,007160524  -0,001560398
281,75  6,240365E-5  0  0,007832729  -0,001025677
283,5  7,232204E-5  0  0,008501359  -0,000221209
285,25  8,273648E-5  0  0,00905838  0,0008259749
287  9,258022E-5  0  0,009401766  0,002046218
288,75  0,0001005318  31,51826  0,009454141  0,003339314
290,5  0,0001053015  31,64249  0,009177779  0,004590189
292,25  0,0001060006  31,76398  0,008582151  0,005687471
294  0,000102446  31,88172  0,007721816  0,006543666
295,75  9,52569E-5  0  0,006685847  0,007110298
297,5  8,565923E-5  0  0,005581711  0,007382664
299,25  7,510248E-5  0  0,004516207  0,007396375
301  6,491641E-5  0  0,003576644  0,007219697
302,75  5,610987E-5  0  0,002816714  0,006940892
304,5  4,928697E-5  0  0,002250318  0,006650041
306,25  4,466406E-5  0  0,001853353  0,006420993
308  4,215585E-5  0  0,001571799  0,006299627
309,75  4,145401E-5  0  0,001334937  0,006298568
311,5  4,206778E-5  0  0,001071812  0,006396796
313,25  4,338052E-5  0  0,0007268491  0,00654616
315  4,476642E-5  0  0,0002705749  0,006685298
316,75  4,572174E-5  0  -0,0002960137  0,006755303
318,5  4,593232E-5  0  -0,0009432285  0,006711381
320,25  4,527667E-5  0  -0,001620496  0,006530747
322  4,380798E-5  0  -0,002268829  0,006217749
323,75  4,17038E-5  0  -0,002834071  0,005802744
325,5  3,917671E-5  0  -0,003276973  0,005332744
327,25  3,641635E-5  0  -0,003578749  0,004858899
329  3,360124E-5  0  -0,003742326  0,004426763
330,75  3,091721E-5  0  -0,003789082  0,004069407
332,5  2,853292E-5  0  -0,003751758  0,003802267
334,25  2,656628E-5  0  -0,003666416  0,003622661
336  2,507662E-5  0  -0,003566208  0,003515505
337,75  2,406705E-5  0  -0,003477303  0,003460552
339,5  2,348282E-5  0  -0,003416555  0,003436565
341,25  2,322742E-5  0  -0,003391642  0,003424061
343  2,320494E-5  0  -0,003403777  0,0034087
344,75  2,334778E-5  0  -0,00345077  0,003382302
346,5  2,359968E-5  0  -0,003528297  0,003339282
348,25  2,38875E-5  0  -0,00362998  0,003272727
350  2,412113E-5  0  -0,00374763  0,003174335
351,75  2,420471E-5  0  -0,003871361  0,003035996
353,5  2,403525E-5  0  -0,003989125  0,002849935
355,25  2,351312E-5  0  -0,004086927  0,002609625
357  2,258077E-5  0  -0,004150724  0,002313495
358,75  2,124933E-5  0  -0,004168613  0,00196774
360,5  1,9584E-5  0  -0,004131875  0,001584805
362,25  1,767946E-5  0  -0,004035615  0,001180368
364  1,564942E-5  0  -0,003879839  0,0007721832
365,75  1,360943E-5  0  -0,00366961  0,0003786729
367,5  1,164993E-5  0  -0,003413166  1,514934E-5
369,25  9,827305E-6  0  -0,003119602  -0,000308845
371  8,174681E-6  0  -0,002798006  -0,0005880859
372,75  6,709949E-6  0  -0,002457356  -0,0008193588
374,5  5,438759E-6  0  -0,002106022  -0,001001714
376,25  4,360764E-6  0  -0,001751706  -0,001136789
378  3,472181E-6  0  -0,001402707  -0,001226619
379,75  2,760939E-6  0  -0,001068912  -0,00127215
381,5  2,20567E-6  0  -0,0007609601  -0,001275386
383,25  1,780765E-6  0  -0,0004886612  -0,001241763
385  1,45807E-6  0  -0,0002601128  -0,001179157
386,75  1,207905E-6  0  -8,070826E-5  -0,00109608
388,5  1,006587E-6  0  4,872754E-5  -0,001002104
390,25  8,420629E-7  0  0,000132989  -0,000907952
392  7,09637E-7  0  0,000181258  -0,0008226679
393,75  6,061984E-7  0  0,0002050399  -0,0007511039
395,5  5,29856E-7  0  0,0002169371  -0,000694834
397,25  4,797962E-7  0  0,0002292686  -0,0006536299
399  4,533807E-7  0  0,0002514905  -0,0006246064
400,75  4,454239E-7  0  0,0002881609  -0,0006019861
402,5  4,516455E-7  0  0,0003392112  -0,0005801562
404,25  4,706671E-7  0  0,0004012361  -0,000556486
406  5,004981E-7  0  0,0004681005  -0,0005304527
407,75  5,348344E-7  0  0,0005318181  -0,0005019999
409,5  5,651206E-7  0  0,0005847874  -0,0004723816
411,25  5,844053E-7  0  0,0006217392  -0,0004447984
413  5,874623E-7  0  0,0006397997  -0,0004220411
414,75  5,706184E-7  0  0,0006380811  -0,0004043153
416,5  5,347287E-7  0  0,0006183318  -0,0003903773
418,25  4,861122E-7  0  0,0005852112  -0,0003789989
420  4,319524E-7  0  0,0005447306  -0,0003677241
421,75  3,763643E-7  0  0,0005025111  -0,000351919
423,5  3,219069E-7  0  0,0004636154  -0,0003270591
425,25  2,718252E-7  0  0,000432582  -0,0002910292
427  2,290239E-7  0  0,0004121625  -0,0002431995
428,75  1,955029E-7  0  0,0004024014  -0,0001832376
430,5  1,740708E-7  0  0,0004017161  -0,0001126721
432,25  1,679979E-7  0  0,0004082812  -3,611532E-5
434  1,77931E-7  0  0,0004198314  4,089833E-5
435,75  2,007925E-7  0  0,0004332984  0,0001142148
437,5  2,313185E-7  0  0,000445927  0,0001801877
439,25  2,632156E-7  0  0,0004562826  0,0002345673
441  2,90014E-7  0  0,0004634756  0,0002742342
442,75  3,066594E-7  0  0,0004662799  0,0002987348
444,5  3,104201E-7  0  0,000463905  0,0003085649
446,25  3,006508E-7  0  0,0004567418  0,0003033772
448  2,785893E-7  0  0,000445331  0,0002833188
449,75  2,470527E-7  0  0,0004293276  0,0002504605
451,5  2,096694E-7  0  0,0004083297  0,0002072107
453,25  1,705182E-7  0  0,000382816  0,0001548227
455  1,338497E-7  0  0,0003532823  9,508564E-5
456,75  1,029782E-7  0  0,0003193042  3,198445E-5
458,5  7,95283E-8  0  0,000280416  -2,991892E-5
460,25  6,38107E-8  0  0,0002370423  -8,730205E-5
462  5,469886E-8  0  0,0001896053  -0,0001369259
463,75  4,943434E-8  0  0,0001376698  -0,0001745891
465,5  4,548363E-8  0  8,10821E-5  -0,0001972545
467,25  4,249113E-8  0  2,12137E-5  -0,0002050393
469  4,147921E-8  0  -3,974876E-5  -0,000199748
470,75  4,344196E-8  0  -9,967827E-5  -0,000183047
472,5  4,903356E-8  0  -0,0001556252  -0,0001575258
474,25  5,755093E-8  0  -0,0002031491  -0,0001275984
476  6,604229E-8  0  -0,0002378915  -9,72107E-5
477,75  7,080313E-8  0  -0,0002573291  -6,771169E-5
479,5  6,937749E-8  0  -0,0002604552  -3,924988E-5
481,25  6,125457E-8  0  -0,0002471781  -1,255163E-5
483  4,828351E-8  0  -0,0002193947  1,222611E-5
484,75  3,433916E-8  0  -0,0001816673  3,655324E-5
486,5  2,32226E-8  0  -0,0001394455  6,146189E-5
488,25  1,67734E-8  0  -9,709925E-5  8,570375E-5
490  1,491975E-8  0  -5,819203E-5  0,0001073938
491,75  1,651649E-8  0  -2,606213E-5  0,0001258461
493,5  1,96762E-8  0  -2,533538E-6  0,000140249
495,25  2,218179E-8  0  1,315203E-5  0,0001483537
497  2,255635E-8  0  2,296284E-5  0,0001484219
498,75  2,073269E-8  0  2,846639E-5  0,0001411466
500,5  1,741331E-8  0  3,135726E-5  0,0001281797
502,25  1,33556E-8  0  3,406094E-5  0,000110433
504  9,459887E-9  0  3,822022E-5  8,94377E-5
505,75  6,586789E-9  0  4,338571E-5  6,858913E-5
507,5  4,943286E-9  0  4,828545E-5  5,110579E-5
509,25  4,187237E-9  0  5,2326E-5  3,806871E-5
511  3,895372E-9  0  5,479263E-5  2,988544E-5
512,75  3,688566E-9  0  5,395534E-5  2,788167E-5
514,5  3,418821E-9  0  4,848913E-5  3,267453E-5
516,25  3,325439E-9  0  3,885454E-5  4,261177E-5
518  3,774489E-9  0  2,612812E-5  5,560405E-5
519,75  5,156815E-9  0  1,064704E-5  7,101729E-5
521,5  7,832781E-9  0  -6,975532E-6  8,822768E-5
523,25  1,166362E-8  0  -2,48194E-5  0,0001051076
525  1,603835E-8  0  -4,112465E-5  0,0001197794
526,75  2,061567E-8  0  -5,576394E-5  0,0001323104
528,5  2,521769E-8  0  -6,907312E-5  0,0001429916
530,25  2,91502E-8  0  -8,050691E-5  0,0001505618
532  3,171464E-8  0  -8,977862E-5  0,0001538
533,75  3,306588E-8  0  -9,799204E-5  0,0001531778
535,5  3,352483E-8  0  -0,0001061289  0,0001492028
537,25  3,271759E-8  0  -0,000113528  0,0001408154
539  3,037985E-8  0  -0,0001191461  0,0001272166
540,75  2,716388E-8  0  -0,0001230044  0,0001096987
542,5  2,372734E-8  0  -0,0001250051  9,000594E-5
544,25  2,001128E-8  0  -0,0001237231  6,858484E-5
546  1,604666E-8  0  -0,0001179613  4,617141E-5
547,75  1,238104E-8  0  -0,000108346  2,53413E-5
549,5  9,301298E-9  0  -9,605988E-5  8,590482E-6
551,25  6,642174E-9  0  -8,141875E-5  -3,627775E-6
553  4,379431E-9  0  -6,518573E-5  -1,141277E-5
554,75  2,674857E-9  0  -4,983304E-5  -1,383925E-5
556,5  1,544613E-9  0  -3,781285E-5  -1,071455E-5
558,25  9,019321E-10  0  -2,973547E-5  -4,211194E-6
560  6,628542E-10  0  -2,55596E-5  3,092053E-6
561,75  7,803594E-10  0  -2,598672E-5  1,024937E-5
563,5  1,23364E-9  0  -3,101233E-5  1,648865E-5
565,25  1,871302E-9  0  -3,853172E-5  1,966237E-5
567  2,450529E-9  0  -4,607108E-5  1,811035E-5
568,75  2,924964E-9  0  -5,262649E-5  1,246663E-5
570,5  3,310098E-9  0  -5,740186E-5  3,888902E-6
572,25  3,4749E-9  0  -5,843111E-5  -7,791363E-6
574  3,449063E-9  0  -5,427394E-5  -2,243665E-5
575,75  3,529103E-9  0  -4,568945E-5  -3,796811E-5
577,5  3,887596E-9  0  -3,40047E-5  -5,226161E-5
579,25  4,603028E-9  0  -1,932206E-5  -6,503604E-5
581  5,802943E-9  0  -1,943534E-6  -7,615225E-5
582,75  7,293617E-9  0  1,611306E-5  -8,386886E-5
584,5  8,59125E-9  0  3,286865E-5  -8,666546E-5
586,25  9,561733E-9  0  4,818101E-5  -8,509009E-5
588  1,02643E-8  0  6,214882E-5  -8,00114E-5
589,75  1,040466E-8  0  7,340571E-5  -7,082555E-5
591,5  9,806703E-9  0  8,081307E-5  -5,723593E-5
593,25  8,945944E-9  0  8,522338E-5  -4,102341E-5
595  8,284354E-9  0  8,775135E-5  -2,41672E-5
596,75  7,780817E-9  0  8,793697E-5  -6,921407E-6
598,5  7,407074E-9  0  8,542399E-5  1,047929E-5
600,25  7,358523E-9  0  8,171878E-5  2,60876E-5
602  7,595815E-9  0  7,835791E-5  3,815565E-5
603,75  7,838149E-9  0  7,499641E-5  4,704984E-5
605,5  7,922812E-9  0  7,116849E-5  5,345893E-5
607,25  7,842178E-9  0  6,815873E-5  5,653818E-5
609  7,615574E-9  0  6,716874E-5  5,571297E-5
610,75  7,297091E-9  0  6,739684E-5  5,248578E-5
612,5  6,964455E-9  0  6,790374E-5  4,851327E-5
614,25  6,745049E-9  0  6,957592E-5  4,36376E-5
616  6,780573E-9  0  7,323855E-5  3,763891E-5
617,75  7,057686E-9  0  7,766475E-5  3,202924E-5
619,5  7,433278E-9  0  8,149836E-5  2,812997E-5
621,25  7,906177E-9  0  8,528357E-5  2,515729E-5
623  8,50359E-9  0  8,952536E-5  2,210884E-5
624,75  8,975952E-9  0  9,266872E-5  1,970942E-5
626,5  9,024039E-9  0  9,315747E-5  1,85937E-5
628,25  8,698894E-9  0  9,161631E-5  1,747415E-5
630  8,132787E-9  0  8,890567E-5  1,511847E-5
631,75  7,216325E-9  0  8,404708E-5  1,23456E-5
633,5  5,927105E-9  0  7,631344E-5  1,016676E-5
635,25  4,60266E-9  0  6,738632E-5  7,85773E-6
637  3,5265E-9  0  5,918698E-5  4,837472E-6
638,75  2,663359E-9  0  5,15453E-5  2,537947E-6
640,5  1,958256E-9  0  4,418844E-5  2,374268E-6
642,25  1,52184E-9  0  3,883704E-5  3,677592E-6
644  1,39145E-9  0  3,688775E-5  5,544735E-6
645,75  1,447904E-9  0  3,702815E-5  8,764743E-6
647,5  1,595241E-9  0  3,74503E-5  1,388222E-5
649,25  1,837793E-9  0  3,828828E-5  1,928213E-5
651  2,104987E-9  0  3,954506E-5  2,326318E-5
652,75  2,201541E-9  0  3,894245E-5  2,6173E-5
654,5  2,003585E-9  0  3,445481E-5  2,857361E-5
656,25  1,585249E-9  0  2,692293E-5  2,933266E-5
658  1,080897E-9  0  1,780488E-5  2,763844E-5
659,75  6,681369E-10  0  6,682708E-6  2,496955E-5
661,5  5,697233E-10  0  -6,471188E-6  2,297492E-5
663,25  8,125843E-10  0  -1,896942E-5  2,127781E-5
665  1,162617E-9  0  -2,808892E-5  1,93295E-5
666,75  1,485536E-9  0  -3,389867E-5  1,834166E-5
668,5  1,736993E-9  0  -3,698947E-5  1,920345E-5
670,25  1,710078E-9  0  -3,595956E-5  2,042028E-5
672  1,303914E-9  0  -2,992107E-5  2,021494E-5
673,75  7,929399E-10  0  -2,1028E-5  1,872867E-5
675,5  3,963845E-10  0  -1,165983E-5  1,613793E-5
677,25  1,176033E-10  0  -1,426452E-6  1,075028E-5
679  1,099448E-10  0  1,041061E-5  1,250583E-6
680,75  6,165797E-10  0  2,223369E-5  -1,105634E-5
682,5  1,658394E-9  0  3,268881E-5  -2,428654E-5
684,25  3,33899E-9  0  4,336482E-5  -3,819009E-5
686  5,851274E-9  0  5,585791E-5  -5,226058E-5
687,75  8,797226E-9  0  6,869857E-5  -6,385712E-5
689,5  1,138769E-8  0  8,005022E-5  -7,056667E-5
691,25  1,348645E-8  0  9,067715E-5  -7,255416E-5
693  1,521597E-8  0  0,0001011847  -7,055228E-5
694,75  1,597336E-8  0  0,0001091426  -6,3728E-5
696,5  1,526843E-8  0  0,0001121853  -5,179651E-5
698,25  1,376688E-8  0  0,0001113071  -3,711598E-5
700  1,217424E-8  0  0,0001080459  -2,236789E-5
701,75  1,034265E-8  0  0,0001013724  -8,141067E-6
703,5  8,244256E-9  0  9,065344E-5  5,119422E-6
705,25  6,424224E-9  0  7,871436E-5  1,510871E-5
707  5,095119E-9  0  6,851011E-5  2,003707E-5
708,75  3,988236E-9  0  5,957401E-5  2,095646E-5
710,5  2,97973E-9  0  5,098579E-5  1,949817E-5
712,25  2,233458E-9  0  4,465794E-5  1,54637E-5
714  1,85313E-9  0  4,212207E-5  8,880387E-6
715,75  1,700563E-9  0  4,118421E-5  2,103404E-6
717,5  1,559976E-9  0  3,940951E-5  -2,620483E-6
719,25  1,46516E-9  0  3,786404E-5  -5,610225E-6
721  1,493273E-9  0  3,789614E-5  -7,560125E-6
722,75  1,464775E-9  0  3,758206E-5  -7,236291E-6
724,5  1,250349E-9  0  3,516021E-5  -3,756168E-6
726,25  1,068019E-9  0  3,266072E-5  1,138374E-6
728  1,071065E-9  0  3,225374E-5  5,546225E-6
729,75  1,143246E-9  0  3,232076E-5  9,930498E-6
731,5  1,18016E-9  0  3,097321E-5  1,486003E-5
733,25  1,242518E-9  0  2,990893E-5  1,865406E-5
735  1,336572E-9  0  3,07307E-5  1,980394E-5
736,75  1,33992E-9  0  3,102258E-5  1,942985E-5
738,5  1,153154E-9  0  2,825066E-5  1,884287E-5
740,25  8,648527E-10  0  2,398337E-5  1,701913E-5
742  5,732859E-10  0  2,010994E-5  1,299524E-5
743,75  2,855669E-10  0  1,469698E-5  8,340598E-6
745,5  5,732261E-11  0  5,979664E-6  4,643945E-6
747,25  1,223638E-11  0  -3,372503E-6  9,287642E-7
749  1,238836E-10  0  -1,044189E-5  -3,853641E-6
750,75  3,434994E-10  0  -1,661261E-5  -8,217081E-6
752,5  6,645708E-10  0  -2,34742E-5  -1,065518E-5
754,25  9,539523E-10  0  -2,83383E-5  -1,228384E-5
756  1,023265E-9  0  -2,860545E-5  -1,43176E-5
757,75  9,395816E-10  0  -2,648794E-5  -1,54263E-5
759,5  8,091751E-10  0  -2,457572E-5  -1,432512E-5
761,25  5,951075E-10  0  -2,096302E-5  -1,247634E-5
763  3,201038E-10  0  -1,373349E-5  -1,146713E-5
764,75  1,394048E-10  0  -5,863947E-6  -1,024787E-5
766,5  6,026434E-11  0  -4,785428E-7  -7,748247E-6
768,25  5,036939E-11  0  4,334455E-6  -5,619777E-6
770  1,459468E-10  0  1,075144E-5  -5,50938E-6
771,75  2,92985E-10  0  1,595576E-5  -6,19668E-6
773,5  3,32174E-10  0  1,71064E-5  -6,288501E-6
775,25  3,317762E-10  0  1,67864E-5  -7,070575E-6
777  4,14564E-10  0  1,787794E-5  -9,743884E-6
778,75  4,781576E-10  0  1,79116E-5  -1,254321E-5
780,5  3,901424E-10  0  1,431172E-5  -1,361312E-5
782,25  3,007696E-10  0  1,017945E-5  -1,404096E-5
784  3,038197E-10  0  8,805913E-6  -1,504246E-5
785,75  2,822635E-10  0  7,613227E-6  -1,497672E-5
787,5  1,653468E-10  0  3,758585E-6  -1,229715E-5
789,25  7,494273E-11  0  3,642671E-7  -8,64928E-6
791  3,498724E-11  0  6,961928E-7  -5,873888E-6
792,75  1,074442E-11  0  1,693404E-6  -2,806565E-6
794,5  3,045989E-12  0  -3,576133E-9  1,745272E-6
796,25  3,582335E-11  0  -1,319418E-6  5,83802E-6
798  5,803193E-11  0  1,038823E-6  7,546706E-6
799,75  8,214772E-11  0  3,620667E-6  8,30894E-6
801,5  1,029713E-10  0  2,721458E-6  9,775734E-6
803,25  1,111723E-10  0  1,665029E-6  1,041153E-5
805  9,231247E-11  0  4,09282E-6  8,6926E-6
806,75  8,356564E-11  0  6,386448E-6  6,540559E-6
808,5  5,73438E-11  0  4,647097E-6  5,978988E-6
810,25  3,738417E-11  0  2,605354E-6  5,531392E-6
812  3,173956E-11  0  4,354919E-6  3,574106E-6
813,75  4,08171E-11  0  6,074492E-6  1,979305E-6
815,5  1,977595E-11  0  3,584651E-6  2,631774E-6
817,25  1,436279E-11  0  9,952E-7  3,656824E-6
819  1,686579E-11  0  2,792754E-6  3,011033E-6
820,75  2,840538E-11  0  4,74876E-6  2,41964E-6
822,5  1,88137E-11  0  2,189971E-6  3,744025E-6
824,25  2,483893E-11  0  -4,292033E-7  4,965351E-6
826  1,902475E-11  0  1,822092E-6  3,96292E-6
827,75  2,544726E-11  0  4,263476E-6  2,696299E-6
829,5  1,382514E-11  0  1,679781E-6  3,317149E-6
831,25  1,568847E-11  0  -1,018269E-6  3,827741E-6
833  7,142018E-12  0  1,662341E-6  2,09252E-6
834,75  2,037976E-11  0  4,501587E-6  3,398109E-7
836,5  3,628944E-12  0  1,636532E-6  9,750418E-7
838,25  5,387874E-12  0  -1,415868E-6  1,839346E-6
840  2,824924E-12  0  1,598007E-6  5,208622E-7
841,75  2,371251E-11  0  4,820066E-6  -6,924396E-7
843,5  2,892228E-12  0  1,545252E-6  7,102273E-7
845,25  9,217837E-12  0  -2,006202E-6  2,278813E-6
847  3,511753E-12  0  1,349923E-6  1,299793E-6
848,75  2,452537E-11  0  4,944081E-6  2,853673E-7
850,5  5,277026E-12  0  1,018738E-6  2,058931E-6
852,25  2,589124E-11  0  -3,231101E-6  3,930805E-6
854  8,673462E-12  0  6,560626E-7  2,87107E-6
855,75  2,71531E-11  0  4,911381E-6  1,741104E-6
857,5  1,484709E-11  0  2,536238E-7  3,844836E-6
859,25  6,258452E-11  0  -4,88115E-6  6,225664E-6
861  2,936802E-11  0  -2,150861E-7  5,414957E-6
862,75  4,752698E-11  0  5,094428E-6  4,644759E-6
864,5  5,892844E-11  0  -2,993506E-7  7,670647E-6
866,25  1,561985E-10  0  -6,154229E-6  1,087768E-5
868  9,999569E-11  0  4,477262E-7  9,989756E-6
869,75  1,457958E-10  0  8,109829E-6  8,94575E-6
871,5  1,660053E-10  0  2,003232E-6  1,272762E-5
873,25  3,245095E-10  0  -4,911107E-6  1,733178E-5
875  3,293708E-10  0  4,983165E-6  1,745104E-5
876,75  6,112236E-10  0  1,70781E-5  1,78763E-5
878,5  7,320057E-10  0  1,022925E-5  2,504732E-5
880,25  1,135611E-9  0  1,385636E-6  3,367033E-5
882  1,589936E-9  0  1,680476E-5  3,615987E-5
883,75  2,801748E-9  0  3,56297E-5  3,914425E-5
885,5  3,278431E-9  0  2,143352E-5  5,309459E-5
887,25  5,025022E-9  0  -2,724498E-6  7,083501E-5
889  6,289331E-9  0  1,322756E-5  7,819439E-5
890,75  8,368387E-9  0  3,602824E-5  8,408539E-5
892,5  1,439811E-8  0  -3,900452E-5  0,0001134758
894,25  8,09965E-8  0  -0,0002323438  0,0001643558
