1981,511  3,097933E-11  0  -1,033793E-5  3,043887E-6
1974,235  3,254339E-11  0  1,058479E-5  -3,011538E-6
1967,011  3,164767E-11  0  -1,034192E-5  3,155661E-6
1959,84  3,299255E-11  0  1,054189E-5  -3,140597E-6
1952,722  3,234275E-11  0  -1,035099E-5  3,257115E-6
1945,655  3,340059E-11  0  1,048866E-5  -3,272995E-6
1938,638  3,314275E-11  0  -1,0374E-5  3,363066E-6
1931,673  3,376713E-11  0  1,042789E-5  -3,400088E-6
1924,757  3,389512E-11  0  -1,038768E-5  3,462698E-6
1917,89  3,452394E-11  0  1,042114E-5  -3,556502E-6
1911,072  3,441828E-11  0  -1,036416E-5  3,5502E-6
1904,303  3,551697E-11  0  1,045337E-5  -3,701649E-6
1897,581  3,485305E-11  0  -1,031985E-5  3,650563E-6
1890,907  3,642238E-11  0  1,046981E-5  -3,837343E-6
1884,279  3,529192E-11  0  -1,027596E-5  3,747574E-6
1877,698  3,741814E-11  0  1,049016E-5  -3,989931E-6
1871,162  3,564964E-11  0  -1,02162E-5  3,847725E-6
1864,672  3,845784E-11  0  1,052264E-5  -4,116692E-6
1858,227  3,62137E-11  0  -1,017371E-5  3,986093E-6
1851,826  3,934634E-11  0  1,053282E-5  -4,229524E-6
1845,469  3,723784E-11  0  -1,020703E-5  4,111727E-6
1839,156  3,984422E-11  0  1,048438E-5  -4,331053E-6
1832,885  3,833232E-11  0  -1,024154E-5  4,250356E-6
1826,658  4,013936E-11  0  1,040517E-5  -4,428304E-6
1820,472  3,981464E-11  0  -1,032213E-5  4,408972E-6
1814,328  4,012165E-11  0  1,026295E-5  -4,557767E-6
1808,226  4,153978E-11  0  -1,044258E-5  4,542495E-6
1802,164  4,040835E-11  0  1,016358E-5  -4,691151E-6
1796,143  4,303804E-11  0  -1,051506E-5  4,690744E-6
1790,162  4,096523E-11  0  1,013317E-5  -4,760746E-6
1784,221  4,421464E-11  0  -1,051492E-5  4,88143E-6
1778,319  4,168551E-11  0  1,015151E-5  -4,776436E-6
1772,455  4,475049E-11  0  -1,038263E-5  5,14137E-6
1766,631  4,331139E-11  0  1,028895E-5  -4,816749E-6
1760,845  4,556478E-11  0  -1,027037E-5  5,423084E-6
1755,096  4,45583E-11  0  1,040762E-5  -4,767842E-6
1749,385  4,669653E-11  0  -1,01803E-5  5,7279E-6
1743,711  4,560133E-11  0  1,045675E-5  -4,800042E-6
1738,073  4,771395E-11  0  -1,017093E-5  5,845948E-6
1732,472  4,696537E-11  0  1,043904E-5  -5,061477E-6
1726,907  4,770776E-11  0  -1,011949E-5  5,78262E-6
1721,377  4,987465E-11  0  1,0529E-5  -5,499543E-6
1715,883  4,695285E-11  0  -1,001617E-5  5,627439E-6
1710,424  5,342241E-11  0  1,067243E-5  -5,943393E-6
1704,999  4,660737E-11  0  -9,956391E-6  5,498549E-6
1699,609  5,556293E-11  0  1,07072E-5  -6,213134E-6
1694,253  4,752547E-11  0  -9,981317E-6  5,53423E-6
1688,93  5,573839E-11  0  1,050417E-5  -6,439555E-6
1683,641  5,069851E-11  0  -1,026363E-5  5,645657E-6
1678,384  5,543157E-11  0  1,022117E-5  -6,679679E-6
1673,161  5,327849E-11  0  -1,046786E-5  5,729977E-6
1667,97  5,700981E-11  0  1,016107E-5  -6,94196E-6
1662,81  5,492216E-11  0  -1,058179E-5  5,746067E-6
1657,683  5,868843E-11  0  1,012709E-5  -7,170938E-6
1652,587  5,550921E-11  0  -1,056751E-5  5,750887E-6
1647,523  6,109086E-11  0  1,013712E-5  -7,454092E-6
1642,489  5,626849E-11  0  -1,058416E-5  5,736973E-6
1637,487  6,298485E-11  0  9,961724E-6  -7,874934E-6
1632,514  5,7682E-11  0  -1,069906E-5  5,684111E-6
1627,572  6,756626E-11  0  1,022687E-5  -8,142619E-6
1622,659  5,666514E-11  0  -1,020485E-5  6,190055E-6
1617,776  6,710307E-11  0  1,071595E-5  -7,269884E-6
1612,922  6,408608E-11  0  -9,986877E-6  7,71016E-6
1608,098  6,450251E-11  0  1,087018E-5  -6,410981E-6
1603,302  6,725917E-11  0  -9,868416E-6  8,227594E-6
1598,534  6,484685E-11  0  1,071879E-5  -6,581842E-6
1593,795  7,134376E-11  0  -1,021408E-5  8,28893E-6
1589,084  6,905831E-11  0  1,066244E-5  -7,267342E-6
1584,401  6,397284E-11  0  -9,730657E-6  7,658149E-6
1579,745  7,978138E-11  0  1,135953E-5  -7,814244E-6
1575,117  6,860706E-11  0  -9,483362E-6  8,519668E-6
1570,515  6,951805E-11  0  1,076362E-5  -6,918142E-6
1565,941  9,175698E-11  0  -1,11706E-5  9,489456E-6
1561,393  5,631314E-11  0  9,272676E-6  -6,715625E-6
1556,871  9,188274E-11  0  -1,131734E-5  9,195628E-6
1552,375  6,9603E-11  0  9,800186E-6  -8,006736E-6
1547,905  9,031923E-11  0  -1,118533E-5  9,028365E-6
1543,461  7,067716E-11  0  1,006777E-5  -7,70719E-6
1539,043  8,443679E-11  0  -1,055819E-5  8,915419E-6
1534,649  8,364759E-11  0  1,016464E-5  -9,207433E-6
1530,281  7,6754E-11  0  -1,053735E-5  7,783206E-6
1525,937  1,079851E-10  0  1,055917E-5  -1,133926E-5
1521,618  7,698823E-11  0  -1,09587E-5  7,078234E-6
1517,324  9,491253E-11  0  1,038506E-5  -1,003926E-5
1513,053  8,978369E-11  0  -1,083003E-5  8,88612E-6
1508,807  8,438475E-11  0  9,616798E-6  -9,535969E-6
1504,584  1,123421E-10  0  -1,203697E-5  9,896048E-6
1500,385  7,868755E-11  0  9,141804E-6  -9,249733E-6
1496,209  1,096308E-10  0  -1,20694E-5  9,415896E-6
1492,057  9,211028E-11  0  9,155935E-6  -1,058101E-5
1487,927  9,913558E-11  0  -1,101976E-5  9,387329E-6
1483,82  1,236728E-10  0  1,183245E-5  -1,09534E-5
1479,736  7,753018E-11  0  -7,799242E-6  1,006276E-5
1475,674  1,746377E-10  0  1,595219E-5  -1,042255E-5
1471,635  5,18906E-11  0  -4,71774E-6  9,221853E-6
1467,617  2,104841E-10  0  1,69309E-5  -1,20918E-5
1463,622  3,842154E-11  0  -2,304852E-6  8,55997E-6
1459,648  3,535319E-10  0  2,13955E-5  -1,616809E-5
1455,695  1,985697E-12  0  -1,034996E-6  1,716495E-6
1451,764  4,792571E-10  0  1,847332E-5  -2,496329E-5
1447,854  6,501687E-11  0  -6,697605E-6  -9,234419E-6
1443,966  7,650479E-10  0  8,176247E-6  -3,816007E-5
1440,098  4,164563E-10  0  -2,200706E-5  -1,844794E-5
1436,25  9,888646E-10  0  -6,459862E-6  -4,365662E-5
1432,423  8,909863E-10  0  -3,420997E-5  -2,398316E-5
1428,617  1,387474E-9  0  -1,943079E-5  -4,823059E-5
1424,83  1,3579E-9  0  -4,628612E-5  -2,212926E-5
1421,064  1,472808E-9  0  -2,777752E-5  -4,547723E-5
1417,318  1,718462E-9  0  -5,368228E-5  -2,035161E-5
1413,591  1,665435E-9  0  -3,482039E-5  -4,432872E-5
1409,884  1,809005E-9  0  -5,582561E-5  -1,779983E-5
1406,196  1,471821E-9  0  -2,705966E-5  -4,5239E-5
1402,527  1,534681E-9  0  -4,581865E-5  -2,79826E-5
1398,878  2,289623E-9  0  -2,669982E-5  -5,9708E-5
1395,247  2,154071E-9  0  -5,301894E-5  -3,453678E-5
1391,636  2,857369E-9  0  -3,677139E-5  -6,27011E-5
1388,042  3,807363E-9  0  -7,353419E-5  -3,995764E-5
1384,468  5,546825E-9  0  -7,391702E-5  -6,846554E-5
1380,912  8,390686E-9  0  -0,0001176218  -3,797554E-5
1377,374  9,300557E-9  0  -0,00011433  -6,144613E-5
1373,854  1,316273E-8  0  -0,0001504145  -3,311611E-5
1370,352  1,401333E-8  0  -0,000142637  -6,913905E-5
1366,868  1,841281E-8  0  -0,0001753034  -4,598617E-5
1363,401  1,716628E-8  0  -0,0001509542  -8,7636E-5
1359,952  1,963933E-8  0  -0,000169674  -7,675328E-5
1356,521  1,925034E-8  0  -0,0001383032  -0,0001212202
1353,106  1,692764E-8  0  -0,000136224  -0,0001050462
1349,709  1,817859E-8  0  -8,798228E-5  -0,0001545259
1346,329  1,374943E-8  0  -8,105473E-5  -0,0001312468
1342,966  1,589255E-8  0  -1,572546E-5  -0,0001646818
1339,619  9,464431E-9  0  9,504384E-6  -0,0001269903
1336,289  1,438709E-8  0  8,063014E-5  -0,0001342684
1332,976  9,764401E-9  0  0,000114557  -5,866863E-5
1329,679  2,273565E-8  0  0,0001906867  -4,493424E-5
1326,399  3,095135E-8  0  0,0002242431  4,131734E-5
1323,134  5,184224E-8  0  0,000291723  3,94229E-5
1319,886  5,641524E-8  0  0,0002925092  9,097441E-5
1316,653  5,924169E-8  0  0,000310547  4,022228E-5
1313,436  3,815339E-8  0  0,000245841  4,904845E-5
1310,235  2,893732E-8  0  0,0002170516  -1,788954E-5
1307,05  1,356553E-8  0  0,0001484968  -8,722969E-6
1303,879  1,360518E-8  0  0,0001405888  -4,815971E-5
1300,725  1,019253E-8  0  0,0001241796  3,231811E-5
1297,585  1,87924E-8  0  0,0001654273  5,333567E-5
1294,461  3,503172E-8  0  0,000149134  0,000183863
1291,351  5,382055E-8  0  0,0001794884  0,0002312514
1288,257  8,414845E-8  0  0,0001648288  0,0003258398
1285,177  8,121946E-8  0  0,0002130593  0,0002875587
1282,112  8,557248E-8  0  0,0002530722  0,0002650671
1279,062  6,300232E-8  0  0,0003093342  5,219812E-5
1276,026  5,036228E-8  0  0,0002692999  -7,597744E-5
1273,004  1,567137E-7  0  0,0003625565  -0,0003332163
1269,997  3,087771E-7  0  0,0004046489  -0,0005583636
1267,004  4,516698E-7  0  0,0004303127  -0,0007121226
1264,025  3,396513E-7  0  0,0003724872  -0,0006159559
1261,06  2,167359E-7  0  0,0001799638  -0,0005447027
1258,109  3,072666E-8  0  -0,0001113023  -0,0001845223
1255,171  8,149382E-9  0  -8,100109E-5  7,548118E-5
1252,248  2,018809E-8  0  -2,498125E-5  0,0001720531
1249,338  3,425428E-8  0  -0,0001426431  0,0001752187
1246,441  1,665628E-7  0  -0,000247737  0,0004309323
1243,558  1,183065E-7  0  -0,0002517645  0,0003336127
1240,688  3,152649E-7  0  -0,000563968  0,0003811709
1237,831  7,013509E-7  0  -0,0007262324  0,0007061406
1234,988  1,307196E-6  0  -0,000780294  0,001137867
1232,157  1,640589E-6  0  -0,001064557  0,001115742
1229,339  2,643657E-6  0  -0,001548183  0,001190718
1226,535  1,624672E-6  0  -0,001161447  0,0009923133
1223,743  3,090656E-7  0  -0,000585787  0,0003142775
1220,963  3,743078E-7  0  -0,0007010236  0,0002033243
1218,197  1,044823E-6  0  -0,0007345306  0,0009699958
1215,443  6,037167E-7  0  -0,0004323473  0,0008152476
1212,701  1,146677E-7  0  -0,0003971413  -5,736473E-5
1209,971  8,762194E-7  0  -0,0001023491  -0,001101974
1207,254  2,734225E-6  0  0,0006232929  -0,001848347
1204,549  4,427713E-6  0  0,00068542  -0,002379941
1201,856  1,945584E-6  0  -0,0002715502  -0,001615405
1199,175  2,678864E-6  0  -0,001188381  -0,00150528
1196,507  1,226116E-5  0  -0,002829063  -0,002959105
1193,849  2,200725E-5  0  -0,003686569  -0,004044462
1191,204  1,840368E-5  0  -0,002401057  -0,004378199
1188,571  1,155885E-5  0  -0,0007107651  -0,003884047
1185,949  1,93761E-6  0  0,0001979317  -0,001600883
1183,338  1,918046E-7  0  -0,0004238024  0,0002771857
1180,739  5,137014E-6  0  -0,002435567  0,0009518411
1178,151  1,39973E-5  0  -0,00430703  -4,739096E-6
1175,575  2,065192E-5  0  -0,004899204  -0,001802243
1173,01  4,095219E-5  0  -0,005265637  -0,005106277
1170,456  9,200842E-5  0  -0,006707509  -0,008680998
1167,914  0,0001673334  0  -0,006596016  -0,01320685
1165,382  0,0002669411  0,2690173  -0,003590096  -0,01825538
1162,861  0,0003744479  0,6707595  0,004531067  -0,02151569
1160,351  0,0005435662  1,165139  0,01706875  -0,02018511
1157,852  0,0008365519  1,700206  0,03091703  -0,01072091
1155,364  0,001468618  2,196214  0,04269612  0,006987528
1152,886  0,00245718  2,593415  0,04732947  0,02963495
1150,419  0,003623375  2,937689  0,04186551  0,05315922
1147,962  0,004915258  3,286175  0,02463488  0,07468411
1145,516  0,007002049  3,62123  -0,001539628  0,09365047
1143,081  0,009904782  3,945248  -0,03711869  0,104781
1140,655  0,01481567  4,243713  -0,08090145  0,1089042
1138,24  0,02058993  4,499564  -0,1244938  0,09985733
1135,835  0,02710339  4,753382  -0,1666733  0,07487317
1133,441  0,03431256  4,992078  -0,2017094  0,03743679
1131,056  0,04214405  5,226678  -0,2265896  -0,01158665
1128,681  0,05204654  5,449284  -0,2422414  -0,06800723
1126,317  0,06465536  5,668176  -0,2465747  -0,132341
1123,962  0,08173257  5,873645  -0,2405388  -0,2018054
1121,617  0,09842618  6,07695  -0,2133665  -0,2696289
1119,282  0,1206211  6,307076  -0,1615531  -0,3437767
1116,956  0,1494659  6,527492  -0,09162611  -0,4118826
1114,64  0,1809224  6,761777  0,007130601  -0,4632168
1112,334  0,2229128  6,999671  0,1285929  -0,4967925
1110,037  0,2676762  7,226951  0,2594206  -0,4976111
1107,75  0,3087107  7,450965  0,3895435  -0,4582061
1105,472  0,3388245  7,67694  0,5042415  -0,375618
1103,204  0,372102  7,907781  0,6032277  -0,2617512
1100,944  0,4053077  8,107638  0,6698962  -0,1424626
1098,694  0,415499  8,294373  0,6918369  -0,015782
1096,454  0,4163819  8,4692  0,6833657  0,104693
1094,222  0,400323  8,617999  0,6461178  0,2004471
1091,999  0,3686042  8,743803  0,5897588  0,268069
1089,786  0,3267785  8,847278  0,5251839  0,3077832
1087,581  0,2812988  8,947787  0,4552337  0,3323404
1085,385  0,2393844  9,060751  0,3819421  0,3512564
1083,198  0,1991405  9,198152  0,3005897  0,3643328
1081,02  0,1592185  9,367837  0,2094802  0,3657462
1078,851  0,1178657  9,605982  0,1007116  0,3476228
1076,69  0,09571633  9,970556  -0,0268481  0,3243815
1074,538  0,1081081  10,3522  -0,1545667  0,3086929
1072,395  0,1366922  10,6021  -0,2537435  0,2927591
1070,26  0,1507  10,82667  -0,3275373  0,2398666
1068,133  0,187078  11,09064  -0,421186  0,1624575
1066,015  0,2460577  11,23153  -0,5034143  0,1164071
1063,905  0,2402462  11,36497  -0,5073088  0,04772937
1061,804  0,2693708  11,6481  -0,528864  -0,1013414
1059,711  0,378367  11,73492  -0,612809  -0,1736621
1057,626  0,3395868  11,70395  -0,5842203  -0,1461773
1055,55  0,233591  11,83178  -0,4642172  -0,1816606
1053,481  0,1939556  12,08469  -0,3674055  -0,2655912
1051,421  0,2324596  12,38467  -0,2977592  -0,3958576
1049,369  0,3528915  12,47109  -0,3227725  -0,5165716
1047,324  0,3857961  12,44691  -0,3497607  -0,5307659
1045,288  0,3901032  12,37773  -0,3870084  -0,5071421
1043,259  0,2340767  12,1424  -0,3823739  -0,3115125
1041,239  0,06490716  12,82766  -0,05198128  -0,2539442
1039,226  0,4306276  13,18049  0,1001871  -0,658796
1037,221  0,7712643  12,84629  -0,1622197  -0,8751699
1035,224  0,6779882  12,66161  -0,2996079  -0,7771618
1033,234  0,519672  12,53356  -0,3463823  -0,6400993
1031,252  0,2332051  12,5169  -0,2386899  -0,4240575
1029,278  0,1950753  13,06854  0,01730504  -0,443873
1027,311  0,3175656  13,2619  0,1302457  -0,5504849
1025,351  0,541875  13,48782  0,3262671  -0,6614331
1023,4  1  13,35795  0,3225126  -0,9465652
1021,455  0,7842926  13,1185  0,07850667  -0,880427
1019,518  0,4313525  13,26984  0,1556952  -0,6354885
1017,588  0,457675  13,42866  0,2613864  -0,6198138
1015,666  0,377534  13,51119  0,2824648  -0,5404287
1013,75  0,4433781  13,69245  0,4059015  -0,5199045
1011,842  0,5266264  13,65744  0,4214713  -0,5806559
1009,942  0,5508284  13,67246  0,4390933  -0,5862027
1008,048  0,6703245  13,60547  0,4391883  -0,6763714
1006,161  0,6082239  13,48258  0,3355845  -0,6894124
1004,282  0,5238785  13,51595  0,3320019  -0,6279037
1002,409  0,5618997  13,50939  0,3389322  -0,651315
1000,543  0,5250931  13,45827  0,2944937  -0,64434
998,6847  0,514341  13,46837  0,2973342  -0,6335542
996,8329  0,5317892  13,42511  0,2736881  -0,6554638
994,988  0,4840372  13,37341  0,2280231  -0,6368203
993,1498  0,4310306  13,33848  0,1937008  -0,6069648
991,3185  0,3795841  13,29229  0,1549941  -0,5763123
989,4939  0,350294  13,2421  0,1207047  -0,559373
987,676  0,3438914  13,13936  0,0620133  -0,5625447
985,8648  0,3294534  13,01133  -0,0100859  -0,5528367
984,0602  0,3393781  12,90433  -0,06997169  -0,5557807
982,2622  0,3827743  12,78312  -0,1448689  -0,5758761
980,4707  0,4286427  12,67273  -0,2191034  -0,5877328
978,6858  0,488466  12,60031  -0,2781743  -0,6077286
976,9074  0,5594876  12,54304  -0,333842  -0,6311559
975,1354  0,6258298  12,50241  -0,3792144  -0,6514516
973,3699  0,6956058  12,47284  -0,4191666  -0,6734665
971,6107  0,7498874  12,44246  -0,4554263  -0,6844698
969,8578  0,7811664  12,41704  -0,4815672  -0,6853177
968,1113  0,7990118  12,38012  -0,5113684  -0,6734348
966,3711  0,7861292  12,32577  -0,5417909  -0,6382943
964,6371  0,7576062  12,26339  -0,5688749  -0,5911713
962,9093  0,7235498  12,18381  -0,5990319  -0,5307583
961,1877  0,6749929  12,08724  -0,6241985  -0,4536504
959,4722  0,619303  11,98311  -0,638682  -0,3693704
957,7629  0,5589489  11,87022  -0,6412869  -0,2798246
956,0596  0,4916637  11,75227  -0,6270383  -0,1895052
954,3624  0,4269814  11,63066  -0,6003783  -0,1042266
952,6712  0,360356  11,50262  -0,5582722  -0,02449594
950,9859  0,2916855  11,37979  -0,5002998  0,03959698
949,3067  0,231683  11,25903  -0,4376094  0,08859065
947,6333  0,180835  11,12638  -0,3722112  0,1284881
945,9658  0,1356697  10,98796  -0,3034222  0,1544375
944,3042  0,09979378  10,84859  -0,2388858  0,1670268
942,6485  0,07233262  10,69688  -0,1792376  0,1710031
940,9985  0,05100073  10,54392  -0,1266476  0,1645567
939,3543  0,03486624  10,38444  -0,08163657  0,150699
937,7158  0,02214818  10,20106  -0,04199815  0,1297339
936,083  0,01325277  9,996009  -0,01135357  0,1046847
934,4559  0,007888209  9,748399  0,01128254  0,08030796
932,8345  0,004712312  9,424079  0,02799682  0,05595862
931,2186  0,002932559  9,060011  0,03629413  0,03332863
929,6084  0,002120047  8,697561  0,03883473  0,01552824
928,0037  0,001641252  8,332988  0,03673143  0,0005806992
926,4045  0,001263612  8,001971  0,03059287  -0,009975747
924,8109  0,001042776  7,722314  0,02416855  -0,0163531
923,2227  0,0008939675  7,462692  0,0177103  -0,02034365
921,64  0,000647091  7,201751  0,01007502  -0,02057422
920,0626  0,0004200524  6,991585  0,004472864  -0,01787456
918,4907  0,0002978383  6,736376  -0,0001550155  -0,0154881
916,9241  0,0002147861  6,399776  -0,004460666  -0,01234992
915,3629  0,000171146  6,133515  -0,006730747  -0,009571615
913,807  0,0001646251  5,947478  -0,008209758  -0,007990902
912,2563  0,0001500468  5,835736  -0,008624977  -0,006695934
910,7109  0,0001199789  5,869845  -0,007491147  -0,006236515
909,1708  0,0001117845  5,918805  -0,006915812  -0,006355674
907,6358  8,757808E-5  0  -0,006261059  -0,005448368
906,106  7,529926E-5  0  -0,005976116  -0,004828465
904,5814  7,591253E-5  0  -0,006541239  -0,004064589
903,0619  7,671478E-5  0  -0,006938165  -0,003405312
901,5475  8,335772E-5  0  -0,007408035  -0,003132145
900,0381  8,344853E-5  0  -0,007721399  -0,002218812
898,5338  6,488952E-5  0  -0,007014838  -0,0009017319
897,0345  5,606831E-5  0  -0,006548454  0,0004412951
895,5402  5,847661E-5  0  -0,006185783  0,002552215
894,0509  6,924886E-5  0  -0,005996652  0,00410979
892,5665  8,697445E-5  0  -0,006449898  0,004955486
891,0871  0,0001013918  4,454761  -0,006586684  0,005786609
889,6125  9,603393E-5  0  -0,00552478  0,00648408
888,1428  8,648488E-5  0  -0,00410858  0,006946562
886,678  8,744587E-5  0  -0,002523935  0,007698805
885,218  9,584633E-5  0  -0,001078381  0,008399289
883,7628  0,0001075887  3,584199  0,000184443  0,008955332
882,3123  0,0001142421  3,472419  0,001216243  0,009134277
880,8666  0,0001165764  3,365173  0,002205597  0,009027784
879,4257  0,0001141478  3,242741  0,003251823  0,008585775
877,9894  0,0001121918  3,086957  0,004498106  0,007895705
876,5579  0,0001100214  2,925276  0,005645745  0,006988517
875,131  0,0001171493  2,757229  0,00693853  0,006125373
873,7087  0,0001252662  2,5999  0,008065556  0,005123286
872,2911  0,0001335641  2,472666  0,008917883  0,004183893
870,878  0,0001371831  2,368243  0,009415355  0,003269751
869,4695  0,0001376066  2,263622  0,009704581  0,002268444
868,0656  0,0001303704  2,148994  0,009620968  0,001111306
866,6662  0,0001249678  2,033383  0,009466854  -5,796622E-6
865,2713  0,0001199445  1,899556  0,009176153  -0,001241123
863,8808  0,0001182959  1,768075  0,008858368  -0,00241276
862,4949  0,0001171693  1,638658  0,008418935  -0,003513288
861,1134  0,0001195484  1,53117  0,008061254  -0,004433497
859,7363  0,0001220384  1,431012  0,007643808  -0,005262952
858,3636  0,0001251817  1,35178  0,007283793  -0,005916861
856,9952  0,0001269234  1,272202  0,006826569  -0,006511655
855,6313  0,000127015  1,204599  0,006363258  -0,006949358
854,2716  0,0001236676  1,133547  0,005767021  -0,007274047
852,9163  0,0001178092  1,075774  0,005201168  -0,007401066
851,5653  0,0001102169  1,012069  0,004557608  -0,007452539
850,2185  0,0001027722  0,9564397  0,003987747  -0,00741826
848,876  9,633335E-5  0  0,00334115  -0,007423984
847,5377  9,033481E-5  0  0,002762807  -0,007370401
846,2037  8,523809E-5  0  0,002156196  -0,007323064
844,8738  7,95723E-5  0  0,001661153  -0,007174435
843,5481  7,420973E-5  0  0,001183721  -0,007001238
842,2266  6,858424E-5  0  0,0008353834  -0,00676408
840,9092  6,394736E-5  0  0,0004682021  -0,006554052
839,5959  5,93222E-5  0  0,0001763264  -0,006316326
838,2867  5,551554E-5  0  -0,0001763313  -0,006100611
836,9816  5,106206E-5  0  -0,0004385965  -0,005827648
835,6805  4,753755E-5  0  -0,0007097374  -0,005585151
834,3835  4,362889E-5  0  -0,0008751342  -0,005313688
833,0905  4,058139E-5  0  -0,001052084  -0,005077891
831,8015  3,708628E-5  0  -0,001138564  -0,004816996
830,5165  3,423773E-5  0  -0,001254522  -0,004579774
829,2354  3,082542E-5  0  -0,001283355  -0,004311764
827,9583  2,812923E-5  0  -0,001340619  -0,004076033
826,6851  2,512203E-5  0  -0,001313907  -0,003829638
825,4159  2,301106E-5  0  -0,001327575  -0,003634076
824,1505  2,07295E-5  0  -0,001277529  -0,00343677
822,889  1,928028E-5  0  -0,00128505  -0,003288468
821,6313  1,757103E-5  0  -0,001244922  -0,003126621
820,3775  1,637659E-5  0  -0,00125444  -0,002991637
819,1275  1,484368E-5  0  -0,001195036  -0,002842765
817,8814  1,378181E-5  0  -0,001173143  -0,002725076
816,639  1,237672E-5  0  -0,001073729  -0,002593839
815,4003  1,135619E-5  0  -0,001006928  -0,002489024
814,1655  1,003436E-5  0  -0,0008697827  -0,002365211
812,9343  9,023692E-6  0  -0,0007859399  -0,002253027
811,7069  7,674073E-6  0  -0,0006523864  -0,0020981
810,4832  6,505265E-6  0  -0,0005765641  -0,001935871
809,2631  5,133419E-6  0  -0,0004496488  -0,001734286
808,0467  4,037783E-6  0  -0,0003795554  -0,001540514
806,834  2,98119E-6  0  -0,000258757  -0,001336417
805,6249  2,302469E-6  0  -0,0002059612  -0,001176605
804,4195  1,753412E-6  0  -0,0001331924  -0,001032272
803,2176  1,405682E-6  0  -0,0001559217  -0,0009173763
802,0193  1,034416E-6  0  -0,0001443685  -0,0007838693
800,8246  7,849217E-7  0  -0,0001823645  -0,0006688595
799,6334  5,428987E-7  0  -0,0001516201  -0,0005553876
798,4458  4,247103E-7  0  -0,0001663482  -0,0004804662
797,2617  3,017999E-7  0  -0,0001246926  -0,0004094041
796,0811  2,520937E-7  0  -0,0001404833  -0,0003644246
794,904  1,727546E-7  0  -0,0001080955  -0,0003042031
793,7304  1,280764E-7  0  -0,000124129  -0,0002482609
792,5603  6,357363E-8  0  -7,127742E-5  -0,0001817915
791,3935  4,039079E-8  0  -6,751124E-5  -0,0001399841
790,2303  1,532693E-8  0  -7,655797E-6  -9,528813E-5
789,0704  9,872322E-9  0  -6,316611E-6  -7,634822E-5
787,9139  7,063017E-9  0  4,156485E-5  -4,958754E-5
786,7608  4,32524E-9  0  3,251622E-5  -3,871637E-5
785,6111  1,022041E-8  0  7,605159E-5  -1,545574E-5
784,4647  9,882885E-9  0  7,615532E-5  -2,685474E-6
783,3217  3,537718E-8  0  0,0001438898  4,650014E-6
782,182  3,894256E-8  0  0,0001494252  -2,050509E-5
781,0456  6,958073E-8  0  0,0001976768  -3,809906E-5
779,9126  6,721706E-8  0  0,0001848362  -6,980663E-5
778,7828  9,196065E-8  0  0,000215904  -8,147689E-5
777,6562  8,112306E-8  0  0,0001963845  -9,096413E-5
776,5329  1,067877E-7  0  0,0002341513  -8,158137E-5
775,4129  9,773998E-8  0  0,0002230532  -7,973852E-5
774,2961  1,295334E-7  0  0,0002623891  -7,280813E-5
773,1825  1,059989E-7  0  0,0002328942  -7,913929E-5
772,0721  1,097631E-7  0  0,0002422629  -6,148303E-5
770,9649  7,378553E-8  0  0,0001996574  -4,484932E-5
769,8608  7,519864E-8  0  0,0002057325  -1,511624E-5
768,7599  4,510543E-8  0  0,0001594599  4,94114E-6
767,6622  4,753827E-8  0  0,0001606362  3,072659E-5
766,5676  2,360018E-8  0  0,0001067632  4,292749E-5
765,4761  2,386806E-8  0  9,778075E-5  6,158135E-5
764,3877  1,082724E-8  0  3,554985E-5  6,911192E-5
763,3024  1,33124E-8  0  2,216953E-5  8,315102E-5
762,2201  1,478244E-8  0  -3,741349E-5  8,246381E-5
761,141  1,612032E-8  0  -4,70336E-5  8,188243E-5
760,0649  2,713716E-8  0  -0,0001021059  6,740014E-5
758,9918  2,494418E-8  0  -0,0001035617  5,472611E-5
757,9218  4,041348E-8  0  -0,0001458913  2,969152E-5
756,8547  3,272019E-8  0  -0,000133516  8,322438E-6
755,7907  4,77419E-8  0  -0,0001601081  -2,009153E-5
754,7296  3,470569E-8  0  -0,0001310445  -4,126252E-5
753,6716  4,460478E-8  0  -0,0001410506  -6,55424E-5
752,6165  2,986427E-8  0  -9,84811E-5  -8,032951E-5
751,5643  3,471554E-8  0  -9,855928E-5  -9,491393E-5
750,5151  2,300216E-8  0  -5,054747E-5  -9,907438E-5
749,4688  2,386079E-8  0  -4,865864E-5  -0,0001021232
748,4254  1,729033E-8  0  -2,027295E-6  -9,614097E-5
747,3849  1,507991E-8  0  -3,462301E-6  -8,961373E-5
746,3473  1,356578E-8  0  3,779847E-5  -7,606757E-5
745,3126  9,090514E-9  0  2,966882E-5  -6,277883E-5
744,2808  1,123283E-8  0  6,26937E-5  -4,484053E-5
743,2518  5,512162E-9  0  4,573442E-5  -2,856141E-5
742,2256  9,399876E-9  0  6,949811E-5  -1,069105E-5
741,2023  3,652186E-9  0  4,360096E-5  3,833239E-6
740,1818  7,319525E-9  0  5,934467E-5  1,752338E-5
739,1641  2,820542E-9  0  2,756958E-5  2,667011E-5
738,1492  5,129653E-9  0  3,96209E-5  3,314814E-5
737,1371  2,484507E-9  0  6,726477E-6  3,526662E-5
736,1277  3,076107E-9  0  1,960907E-5  3,474225E-5
735,1211  2,175786E-9  0  -1,075179E-5  3,1734E-5
734,1173  1,483726E-9  0  5,532479E-6  2,707149E-5
733,1162  1,814947E-9  0  -2,113327E-5  2,2017E-5
732,1178  5,234666E-10  0  -1,357703E-6  1,631101E-5
731,1222  1,462181E-9  0  -2,468506E-5  1,170078E-5
730,1292  9,681428E-11  0  -2,212381E-6  6,662045E-6
729,1389  1,085466E-9  0  -2,319265E-5  3,618655E-6
728,1513  1,85233E-12  0  9,679983E-7  -2,636361E-8
727,1664  6,998616E-10  0  -1,876785E-5  -1,051196E-6
726,1842  8,761228E-11  0  5,873482E-6  -3,100866E-6
725,2046  3,925718E-10  0  -1,387054E-5  -2,176429E-6
724,2276  2,265036E-10  0  1,021959E-5  -2,998639E-6
723,2533  2,10697E-10  0  -1,022729E-5  -7,967046E-7
722,2816  3,333971E-10  0  1,282936E-5  -1,214456E-6
721,3125  1,532246E-10  0  -8,604228E-6  1,443894E-6
720,346  3,603671E-10  0  1,334778E-5  6,14237E-7
719,3821  1,764782E-10  0  -8,858305E-6  2,954844E-6
718,4207  3,205972E-10  0  1,251235E-5  1,195877E-6
717,4619  2,123575E-10  0  -9,748035E-6  3,057064E-6
716,5057  2,78109E-10  0  1,166099E-5  5,853298E-7
715,552  2,295223E-10  0  -1,030447E-5  2,454403E-6
714,6009  2,59126E-10  0  1,123751E-5  -2,458067E-7
713,6523  2,349098E-10  0  -1,05031E-5  1,978874E-6
712,7062  2,559061E-10  0  1,110984E-5  -8,263235E-7
711,7626  2,331083E-10  0  -1,047435E-5  1,74453E-6
710,8215  2,586554E-10  0  1,110887E-5  -1,172613E-6
709,8829  2,343861E-10  0  -1,047325E-5  1,756874E-6
708,9467  2,526438E-10  0  1,093276E-5  -1,309431E-6
708,013  2,460462E-10  0  -1,069686E-5  1,827577E-6
707,0818  2,39922E-10  0  1,059606E-5  -1,501125E-6
706,1531  2,571257E-10  0  -1,091165E-5  1,831955E-6
705,2267  2,337712E-10  0  1,039995E-5  -1,688207E-6
704,3028  2,620508E-10  0  -1,096742E-5  1,956477E-6
703,3813  2,326696E-10  0  1,033569E-5  -1,755543E-6
702,4622  2,659659E-10  0  -1,099163E-5  2,119659E-6
701,5456  2,321784E-10  0  1,02802E-5  -1,849892E-6
700,6313  2,664582E-10  0  -1,095212E-5  2,222219E-6
699,7193  2,367633E-10  0  1,0329E-5  -1,998113E-6
698,8098  2,628491E-10  0  -1,082814E-5  2,303752E-6
697,9026  2,428452E-10  0  1,041021E-5  -2,136027E-6
696,9978  2,603062E-10  0  -1,072811E-5  2,376825E-6
696,0953  2,463392E-10  0  1,042655E-5  -2,292269E-6
695,1951  2,593437E-10  0  -1,0658E-5  2,465909E-6
694,2973  2,517194E-10  0  1,048461E-5  -2,434878E-6
693,4018  2,572107E-10  0  -1,055776E-5  2,571299E-6
692,5086  2,565444E-10  0  1,053517E-5  -2,545383E-6
691,6177  2,561208E-10  0  -1,047493E-5  2,692403E-6
690,7291  2,608884E-10  0  1,056956E-5  -2,670033E-6
689,8427  2,55749E-10  0  -1,041126E-5  2,794702E-6
688,9587  2,646959E-10  0  1,059086E-5  -2,79206E-6
688,0769  2,561269E-10  0  -1,03581E-5  2,913963E-6
687,1973  2,680416E-10  0  1,060448E-5  -2,898777E-6
