SHG FROG
Grid size is 512
 
*********** Test Field. ************
Experimental FROG trace loaded from A:\MPC\2024-10-25\FROG\at fibre input\8 compressor roundtrips\50kHz 1.5bar Kr\4mm\scan1 .frog
Number of delay points: 512
Number of wavelength points: 512
Delay spacing: 2,93 fs
Wavelength spacing: 1,72 nm
Center wavelength: 597 nm
DataOrder: Wavelength
Read in as constant Wavelength bins
 
Data extracted from (0,166) to (511,257)
Full spectrum noise subtraction.
Full spectrum noise subtraction.
Full spectrum noise subtraction.
Full spectrum noise subtraction.
Full spectrum noise subtraction.
Full spectrum noise subtraction.
Full spectrum noise subtraction.
Full spectrum noise subtraction.
Full spectrum noise subtraction.
Edge noise subtraction.
Edge noise subtraction.
Edge noise subtraction.
Trace center in delay found at pixel 255
Centered wavelength by center of mass at 40,95
There were -0,3511 too many wavelength points.
Wavelength Center at pixel 40,95
Wavelength shift of -8,691 nm.
 
--- 
Central wavelength of retrieved field is 1025 nm.
 
Basic
1   0,03133
2   0,025621
3   0,020525
4   0,016259
5   0,013176
6   0,011774
7   0,011221
8   0,011151
9   0,012062
10   0,012568
11   0,012449
12   0,012309
13   0,012278
14   0,012226
15   0,012284
16   0,012414
17   0,012705
 
Projections
18   0,0088043
19   0,0081915
20   0,0080041
21   0,0078753
22   0,010347
23   0,008315
24   0,0078702
25   0,0076776
26   0,0075456
27   0,0096197
28   0,0079486
29   0,0075882
30   0,0074325
31   0,0073273
32   0,0092559
33   0,0077736
34   0,0074504
35   0,0073119
36   0,0072175
37   0,0089977
38   0,0076662
39   0,0073843
40   0,0072536
41   0,0071627
42   0,0087862
43   0,0075317
44   0,0073084
45   0,0071935
46   0,0071146
47   0,008715
48   0,0074526
49   0,0072639
50   0,0071636
51   0,0070921
52   0,0087475
53   0,0074533
54   0,0072697
55   0,0071702
56   0,0070992
57   0,0087621
58   0,0074613
59   0,007291
60   0,0071949
61   0,0071267
62   0,0087466
 
Proj. - Overstep
63   0,0069841
64   0,006908
65   0,0068472
66   0,0067955
67   0,006749
68   0,0067054
69   0,0066634
70   0,0066227
71   0,0065809
72   0,0065382
73   0,0064956
74   0,0064525
75   0,0064082
76   0,0063635
77   0,0063181
78   0,0062718
79   0,0062241
80   0,0061759
81   0,0061279
82   0,0060815
83   0,0060374
84   0,0059977
85   0,0059633
86   0,0059347
87   0,005912
88   0,005897
89   0,0058888
90   0,0058872
91   0,0058905
92   0,0058967
93   0,0059046
94   0,0059132
95   0,0059219
96   0,0059299
97   0,0059368
98   0,0059412
99   0,0059435
 
IntenGate
100   0,0060694
101   0,0059175
102   0,0063603
103   0,0063389
104   0,0073145
105   0,0077179
106   0,0070795
107   0,008687
108   0,010849
109   0,0085598
 
Expo
110   0,0061415
111   0,006906
112   0,0079642
113   0,0088477
114   0,0093119
115   0,010276
116   0,010937
117   0,011337
118   0,01417
119   0,019169
 
Projections
120   0,012208
121   0,0089955
122   0,0075049
123   0,0067596
124   0,0063876
125   0,0061796
126   0,0060596
127   0,0059919
128   0,005955
129   0,0059357
130   0,0059278
131   0,0059253
132   0,0059273
133   0,0059327
134   0,0059398
135   0,0059478
136   0,0059567
 
Projections
137   0,020366
138   0,013379
139   0,0086638
140   0,0066022
141   0,0061262
142   0,0060287
143   0,0060178
144   0,0060155
145   0,0060149
146   0,0060145
147   0,006014
148   0,0060132
149   0,0060122
150   0,006011
 
Basic
151   0,0060694
152   0,0066678
153   0,0074389
154   0,0082186
155   0,0087589
156   0,0092827
157   0,0099538
158   0,010647
159   0,011273
160   0,011699
 
Projections
161   0,0058881
162   0,0058901
163   0,0058929
164   0,0058963
165   0,0060393
166   0,0058113
167   0,0057983
168   0,0058011
169   0,00581
170   0,0061888
171   0,0058632
172   0,0058259
173   0,005805
174   0,0057953
 
Proj. - Overstep
175   0,0058024
176   0,0058203
177   0,0058388
178   0,0058533
179   0,0058634
180   0,0058699
181   0,0058733
182   0,0058741
183   0,0058725
184   0,0058696
 
IntenGate
185   0,006318
186   0,0058568
187   0,0062708
188   0,0063404
189   0,0065191
190   0,0068647
191   0,0066291
192   0,0072274
193   0,0086176
194   0,0075253
 
Expo
195   0,0064096
196   0,0076423
197   0,0089116
198   0,009667
199   0,010681
200   0,01154
201   0,011894
202   0,012482
203   0,013601
204   0,016795
 
Projections
205   0,012324
206   0,010247
207   0,0086122
208   0,0075378
209   0,0069087
210   0,0065381
211   0,0063111
212   0,0061634
213   0,0060704
214   0,0060099
215   0,0059692
216   0,0059412
217   0,0059216
218   0,0059081
219   0,0058987
220   0,0058923
221   0,0058876
222   0,0058839
223   0,0058808
224   0,0058781
225   0,0058755
226   0,0058732
227   0,005871
 
Projections
228   0,016407
229   0,0096154
230   0,0065965
231   0,0059834
232   0,0059161
233   0,0059305
234   0,0059245
235   0,0059185
236   0,0059157
237   0,005915
238   0,0059151
239   0,0059153
240   0,0059155
 
Basic
241   0,006318
242   0,0073178
243   0,0083308
244   0,0090742
245   0,0097051
246   0,010365
247   0,01097
248   0,011352
249   0,011596
250   0,011778
 
Projections
251   0,0057943
252   0,0057994
253   0,0058074
254   0,0058165
255   0,0061817
256   0,005847
257   0,0058109
258   0,0057977
259   0,0057966
260   0,0063739
 
Proj. - Overstep
261   0,0058111
262   0,0058302
263   0,0058468
264   0,0058589
265   0,0058672
266   0,0058721
267   0,0058741
268   0,0058736
269   0,0058714
270   0,0058678
 
IntenGate
271   0,0062725
272   0,0058649
273   0,0062251
274   0,0063165
275   0,0065046
276   0,0067533
277   0,0066144
278   0,0071645
279   0,0085955
280   0,0074848
 
Expo
281   0,0063636
282   0,007596
283   0,0088536
284   0,0096636
285   0,010534
286   0,011218
287   0,011684
288   0,01281
289   0,013607
290   0,017086
 
Projections
291   0,01238
292   0,010035
293   0,0084324
294   0,0074386
295   0,0068387
296   0,0064745
297   0,0062496
298   0,0061099
299   0,0060208
300   0,0059625
301   0,0059257
302   0,0059047
303   0,0058927
304   0,005885
305   0,0058792
306   0,0058739
307   0,0058681
308   0,0058615
309   0,0058539
310   0,0058455
311   0,0058355
312   0,0058242
313   0,0058115
314   0,0057972
315   0,005781
316   0,0057632
317   0,0057438
318   0,0057234
319   0,0057023
320   0,0056806
321   0,0056584
322   0,0056362
323   0,0056139
324   0,0055915
325   0,0055692
326   0,005547
327   0,0055248
328   0,0055024
329   0,0054799
330   0,0054579
331   0,0054359
332   0,0054144
333   0,0053933
334   0,005373
335   0,0053534
336   0,0053346
337   0,0053167
338   0,0052994
339   0,0052826
340   0,0052661
341   0,0052499
342   0,0052338
343   0,0052179
344   0,0052019
345   0,0051856
346   0,0051688
347   0,0051515
348   0,0051332
349   0,0051131
350   0,0050909
351   0,0050663
352   0,0050383
353   0,0050034
354   0,0049604
355   0,0049153
356   0,0048734
357   0,0048425
358   0,0048194
359   0,0048033
360   0,004792
361   0,0047839
362   0,0047781
363   0,0047738
364   0,0047705
365   0,0047679
366   0,0047658
367   0,0047641
368   0,0047626
369   0,0047614
 
Projections
370   0,017182
371   0,010238
372   0,0066902
373   0,0055119
374   0,0051048
375   0,0049529
376   0,0048913
377   0,0048608
378   0,0048437
379   0,0048332
380   0,0048264
381   0,0048231
382   0,0048204
383   0,0048179
384   0,0048157
385   0,0048137
386   0,004812
387   0,0048105
 
Basic
388   0,0051233
389   0,0055319
390   0,0060508
391   0,0068151
392   0,0080002
393   0,0092469
394   0,010587
395   0,011994
396   0,013719
397   0,01517
 
Projections
398   0,0047603
399   0,0047594
400   0,0047586
401   0,004758
402   0,0050583
403   0,0047406
404   0,0047148
405   0,0047125
406   0,0047144
407   0,0050471
408   0,0047318
409   0,0047014
410   0,0046997
411   0,0047029
412   0,0050556
413   0,0047233
414   0,0046956
 
Proj. - Overstep
415   0,0047029
416   0,0047105
417   0,0047169
418   0,0047222
419   0,0047267
420   0,0047305
421   0,0047337
422   0,0047365
423   0,004739
424   0,0047411
 
IntenGate
425   0,0051974
426   0,0049046
427   0,0051194
428   0,0055758
429   0,0052038
430   0,0054157
431   0,0061974
432   0,0054367
433   0,0056803
434   0,0064668
 
Expo
435   0,0052758
436   0,0059239
437   0,0065871
438   0,0075651
439   0,0090635
440   0,0096915
441   0,0099508
442   0,0099889
443   0,0089387
444   0,015542
 
Projections
445   0,0091649
446   0,0072077
447   0,0064319
448   0,0061096
449   0,0058955
450   0,0057308
451   0,0056001
452   0,0054949
453   0,0054125
454   0,00535
455   0,0053012
456   0,0052624
457   0,0052334
458   0,0052124
459   0,0051974
460   0,0051863
461   0,0051779
462   0,0051713
463   0,0051661
464   0,0051618
465   0,0051583
466   0,0051554
467   0,0051529
468   0,0051508
469   0,0051492
470   0,0051473
 
Projections
471   0,018075
472   0,011093
473   0,0066891
474   0,0051717
475   0,0048399
476   0,004738
477   0,0047242
478   0,0047249
479   0,0047284
480   0,0047327
481   0,004737
482   0,004741
483   0,0047444
484   0,0047473
 
Basic
485   0,0051974
486   0,0058293
487   0,0064658
488   0,0073889
489   0,0088299
490   0,010561
491   0,013336
492   0,017044
493   0,018374
494   0,020495
 
Projections
495   0,0046955
496   0,0046996
497   0,0047039
498   0,0047079
499   0,0050477
500   0,0047094
501   0,0046902
502   0,0046935
503   0,0046991
504   0,0050955
505   0,0047133
506   0,0046887
 
Proj. - Overstep
507   0,0047006
508   0,0047105
509   0,0047178
510   0,0047237
511   0,0047286
512   0,0047327
513   0,0047364
514   0,0047395
515   0,0047422
516   0,0047445
 
IntenGate
517   0,0052259
518   0,0048809
519   0,005019
520   0,0055156
521   0,0051043
522   0,005204
523   0,0059951
524   0,0052662
525   0,005373
526   0,0061479
 
Expo
527   0,0053065
528   0,0059007
529   0,0065843
530   0,0074719
531   0,0088495
532   0,0088864
533   0,010412
534   0,0089267
535   0,0086926
536   0,02019
 
Projections
537   0,010594
538   0,0072182
539   0,0057177
540   0,0053792
541   0,0052403
542   0,0051639
543   0,0051126
544   0,0050749
545   0,0050446
546   0,005019
547   0,004997
548   0,0049788
549   0,0049643
550   0,0049529
551   0,0049433
552   0,0049354
553   0,0049297
554   0,0049254
555   0,0049222
556   0,0049197
557   0,0049178
558   0,0049163
559   0,0049152
560   0,0049143
 
Projections
561   0,017325
562   0,010346
563   0,0067112
564   0,0055246
565   0,0051014
566   0,0049483
567   0,0048785
568   0,0048437
569   0,0048228
570   0,0048095
571   0,0048006
572   0,0047944
573   0,0047899
574   0,0047863
575   0,0047833
576   0,0047809
577   0,0047788
578   0,004777
579   0,0047754
580   0,0047739
 
Basic
581   0,0052259
582   0,0058128
583   0,0063974
584   0,0071428
585   0,0080921
586   0,008917
587   0,010105
588   0,012036
589   0,012575
590   0,011197
 
Projections
591   0,0046907
592   0,0046964
593   0,0047019
594   0,0047067
595   0,0050976
596   0,0047142
597   0,0046884
598   0,0046901
599   0,0046963
600   0,0051039
601   0,0047276
602   0,0046947
603   0,0046936
604   0,004699
605   0,0050755
606   0,004739
 
Proj. - Overstep
607   0,0047004
608   0,0047119
609   0,0047197
610   0,0047262
611   0,0047316
612   0,004736
613   0,0047395
614   0,0047425
615   0,0047451
616   0,0047474
 
IntenGate
617   0,0052032
618   0,0049895
619   0,0052939
620   0,0055068
621   0,0053113
622   0,0053501
623   0,0059066
624   0,0052697
625   0,0053438
626   0,0060391
 
Expo
627   0,0052776
628   0,0058459
629   0,0065162
630   0,0073307
631   0,0080711
632   0,0084488
633   0,0085469
634   0,0092569
635   0,011147
636   0,018692
 
Projections
637   0,010992
638   0,0079901
639   0,0070001
640   0,0066299
641   0,0063964
642   0,0062294
643   0,0061059
644   0,0060113
645   0,0059374
646   0,0058808
647   0,0058365
648   0,0058
649   0,0057713
650   0,0057478
651   0,005728
652   0,0057113
653   0,0056966
654   0,0056834
655   0,0056713
656   0,00566
657   0,005649
658   0,0056379
659   0,0056267
660   0,0056155
661   0,0056046
662   0,0055941
663   0,0055843
664   0,0055751
665   0,0055665
666   0,0055585
667   0,0055511
668   0,0055441
669   0,0055375
670   0,0055313
671   0,0055254
672   0,0055197
673   0,005514
674   0,0055085
675   0,005503
676   0,0054977
677   0,0054925
678   0,0054875
679   0,0054827
680   0,005478
681   0,0054734
682   0,0054689
683   0,0054646
684   0,0054602
685   0,005456
686   0,0054517
687   0,0054475
688   0,0054434
689   0,0054393
690   0,0054353
691   0,0054314
692   0,0054276
693   0,0054238
694   0,0054201
695   0,0054166
696   0,0054131
697   0,0054098
698   0,0054066
699   0,0054035
700   0,0054004
701   0,0053974
 
Projections
702   0,0203
703   0,013142
704   0,0083482
705   0,0060278
706   0,0052406
707   0,0049699
708   0,0049247
709   0,0048991
710   0,0048852
711   0,0048773
712   0,0048723
713   0,0048686
714   0,0048657
715   0,004863
716   0,0048603
717   0,0048574
718   0,0048545
719   0,0048517
720   0,0048491
 
Basic
 
 
The minimum FROG error was 0,0046884
 
**************** Retrieved Field ******************
Temporal FWHM: 17,726 fs.
Spectral FWHM: 155,64 nm.
Autocorrelation FWHM: 25,469 fs.
Time-Bandwidth Product - FWHM: 0,78273
Time-Bandwidth Product - RMS: 5,8956
Time-Bandwidth Product - Temporal Laplacian: 0,76575
Time-Bandwidth Product - Spectral Laplacian: 0,73897
