-896  1,978431E-6  0  2,977904E-5  -0,001406252
-892,5  5,168432E-7  0  0,0002958763  0,0006552103
-889  4,355657E-7  0  -0,0001084805  -0,0006509974
-885,5  1,503268E-7  0  -0,0002083648  0,0003269723
-882  5,222804E-8  0  -0,0001670523  0,0001559537
-878,5  4,758451E-9  0  7,369253E-6  -6,858677E-5
-875  7,964968E-10  0  -2,517743E-5  -1,275123E-5
-871,5  4,623898E-10  0  -1,405181E-5  1,627687E-5
-868  3,355376E-11  0  5,304048E-6  -2,328269E-6
-864,5  2,756641E-12  0  9,549635E-7  -1,358192E-6
-861  7,22028E-12  0  2,684486E-6  -1,175278E-7
-857,5  2,143752E-11  0  4,628797E-6  -1,084483E-7
-854  3,155699E-11  0  5,534181E-6  9,642755E-7
-850,5  3,877777E-11  0  5,562733E-6  2,798889E-6
-847  4,789792E-11  0  4,674901E-6  5,103256E-6
-843,5  5,963752E-11  0  3,212633E-6  7,022572E-6
-840  6,370076E-11  0  1,569566E-6  7,825421E-6
-836,5  5,278843E-11  0  1,623789E-7  7,26375E-6
-833  3,279236E-11  0  -4,041741E-7  5,712181E-6
-829,5  1,459529E-11  0  -4,212258E-8  3,820146E-6
-826  1,223233E-11  0  1,170645E-6  3,295742E-6
-822,5  2,998023E-11  0  3,51769E-6  4,19596E-6
-819  7,250638E-11  0  6,524944E-6  5,470968E-6
-815,5  1,282983E-10  0  1,014893E-5  5,029654E-6
-812  1,78997E-10  0  1,33341E-5  1,094898E-6
-808,5  2,52654E-10  0  1,467691E-5  -6,102657E-6
-805  3,718026E-10  0  1,265937E-5  -1,454452E-5
-801,5  4,159259E-10  0  7,107557E-6  -1,911566E-5
-798  2,864995E-10  0  -3,168436E-7  -1,692333E-5
-794,5  9,28473E-11  0  -5,566183E-6  -7,865425E-6
-791  4,311679E-11  0  -5,464227E-6  3,641292E-6
-787,5  1,406132E-10  0  9,654989E-7  1,181867E-5
-784  2,923735E-10  0  1,131517E-5  1,281953E-5
-780,5  5,143741E-10  0  2,12451E-5  7,938492E-6
-777  6,920031E-10  0  2,625863E-5  1,577191E-6
-773,5  5,700478E-10  0  2,38727E-5  -3,768582E-7
-770  2,519909E-10  0  1,525008E-5  4,407491E-6
-766,5  2,270276E-10  0  4,124459E-6  1,449195E-5
-763  6,510443E-10  0  -5,074552E-6  2,500586E-5
-759,5  1,019204E-9  0  -8,060069E-6  3,089077E-5
-756  8,599917E-10  0  -4,499317E-6  2,89784E-5
-752,5  3,607962E-10  0  2,682084E-6  1,880433E-5
-749  6,358289E-11  0  7,640915E-6  2,2802E-6
-745,5  3,397684E-10  0  5,287257E-6  -1,765824E-5
-742  1,401784E-9  0  -5,633332E-6  -3,701418E-5
-738,5  3,062881E-9  0  -2,23712E-5  -5,062025E-5
-735  4,203733E-9  0  -3,886258E-5  -5,189829E-5
-731,5  3,977782E-9  0  -5,066384E-5  -3,756271E-5
-728  3,275858E-9  0  -5,667083E-5  -8,017202E-6
-724,5  4,201561E-9  0  -5,70609E-5  3,075084E-5
-721  7,219337E-9  0  -5,112135E-5  6,786711E-5
-717,5  1,032039E-8  0  -3,725233E-5  9,45127E-5
-714  1,180428E-8  0  -1,498235E-5  0,0001076095
-710,5  1,281704E-8  0  9,952968E-6  0,000112774
-707  1,468439E-8  0  2,852256E-5  0,0001177746
-703,5  1,748774E-8  0  3,428137E-5  0,0001277205
-700  2,057431E-8  0  3,123456E-5  0,0001399954
-696,5  2,202697E-8  0  3,500855E-5  0,0001442268
-693  2,116799E-8  0  6,487999E-5  0,0001302251
-689,5  2,540299E-8  0  0,0001301462  9,200526E-5
-686  5,135078E-8  0  0,0002247151  2,922131E-5
-682,5  1,13133E-7  0  0,000331804  -5,512812E-5
-679  2,145896E-7  0  0,0004352354  -0,0001586182
-675,5  3,567206E-7  0  0,0005283981  -0,0002784169
-672  5,441171E-7  0  0,0006138348  -0,0004090524
-668,5  7,75025E-7  0  0,0006951695  -0,0005401522
-665  1,023729E-6  0  0,0007680243  -0,0006586864
-661,5  1,239469E-6  0  0,0008196957  -0,0007533709
-658  1,368122E-6  0  0,0008371233  -0,0008169126
-654,5  1,379909E-6  0  0,000816612  -0,0008444252
-651  1,278554E-6  0  0,0007670532  -0,0008307727
-647,5  1,093153E-6  0  0,000705581  -0,0007715623
-644  8,70432E-7  0  0,0006507754  -0,0006685233
-640,5  6,663458E-7  0  0,0006175269  -0,0005338598
-637  5,271878E-7  0  0,0006132219  -0,000388776
-633,5  4,711933E-7  0  0,0006368089  -0,0002562573
-630  4,858037E-7  0  0,0006800431  -0,0001527908
-626,5  5,411588E-7  0  0,0007307801  -8,437573E-5
-623  6,051815E-7  0  0,000776483  -4,749324E-5
-619,5  6,526112E-7  0  0,0008071782  -3,278193E-5
-616  6,66628E-7  0  0,0008159835  -2,82655E-5
-612,5  6,367304E-7  0  0,000797653  -2,190883E-5
-609  5,581249E-7  0  0,0007470629  -4,674169E-6
-605,5  4,358811E-7  0  0,0006596872  2,634235E-5
-602  2,88827E-7  0  0,0005333119  6,637336E-5
-598,5  1,473439E-7  0  0,0003697534  0,0001030841
-595  4,599869E-8  0  0,0001780701  0,0001195397
-591,5  1,051693E-8  0  -2,357708E-5  9,980509E-5
-588  4,453253E-8  0  -0,0002079979  3,562867E-5
-584,5  1,230499E-7  0  -0,0003447013  -6,504553E-5
-581  2,014453E-7  0  -0,0004122892  -0,0001773779
-577,5  2,388044E-7  0  -0,0004084025  -0,0002683502
-574  2,196138E-7  0  -0,000351281  -0,0003101861
-570,5  1,588481E-7  0  -0,000272225  -0,0002911043
-567  9,004514E-8  0  -0,0002044358  -0,0002196614
-563,5  4,474652E-8  0  -0,0001724934  -0,000122444
-560  3,575907E-8  0  -0,000185826  -3,503952E-5
-556,5  5,587166E-8  0  -0,0002361979  9,066232E-6
-553  9,039778E-8  0  -0,0003004545  -1,117555E-5
-549,5  1,284436E-7  0  -0,0003449972  -9,705914E-5
-546  1,639368E-7  0  -0,0003364549  -0,0002252441
-542,5  1,901501E-7  0  -0,0002604833  -0,0003497121
-539  1,955853E-7  0  -0,0001363525  -0,0004207057
-535,5  1,66593E-7  0  -1,116663E-5  -0,0004080053
-532  1,067613E-7  0  6,464523E-5  -0,0003202847
-528,5  4,462353E-8  0  6,925584E-5  -0,0001995674
-525  9,150619E-9  0  2,002712E-5  -9,353894E-5
-521,5  3,088739E-9  0  -4,846488E-5  -2,720099E-5
-518  1,291091E-8  0  -0,000113586  3,020925E-6
-514,5  3,093095E-8  0  -0,0001753761  1,319752E-5
-511  5,759512E-8  0  -0,0002395098  1,517187E-5
-507,5  8,817083E-8  0  -0,0002966934  1,199388E-5
-504  1,040733E-7  0  -0,0003225364  6,602995E-6
-500,5  8,963801E-8  0  -0,0002993452  5,5193E-6
-497  5,556232E-8  0  -0,0002353835  1,25275E-5
-493,5  2,616697E-8  0  -0,0001601165  2,301473E-5
-490  1,08084E-8  0  -0,0001005121  2,656535E-5
-486,5  4,130212E-9  0  -6,159363E-5  1,83422E-5
-483  1,029991E-9  0  -3,149745E-5  6,15644E-6
-479,5  1,665975E-11  0  -3,867014E-6  1,30612E-6
-476  1,403964E-10  0  1,182149E-5  8,055336E-7
-472,5  2,937224E-10  0  5,070253E-6  -1,637116E-5
-469  5,093032E-9  0  -1,434119E-5  -6,990968E-5
-465,5  2,389505E-8  0  -1,723563E-5  -0,0001536164
-462  5,46234E-8  0  2,007251E-5  -0,000232853
-458,5  7,937993E-8  0  9,062998E-5  -0,0002667698
-455  7,995048E-8  0  0,0001593757  -0,0002335591
-451,5  5,47776E-8  0  0,0001938005  -0,000131221
-448  3,967826E-8  0  0,0001942344  4,41731E-5
-444,5  1,350977E-7  0  0,0001954117  0,0003113069
-441  5,251243E-7  0  0,0002387891  0,0006841813
-437,5  1,399449E-6  0  0,0003412537  0,001132694
-434  2,687218E-6  0  0,0004876945  0,001565047
-430,5  3,893016E-6  0  0,0006442554  0,001864926
-427  4,432818E-6  0  0,0007672513  0,001960649
-423,5  4,129012E-6  0  0,0008041373  0,001866112
-420  3,251799E-6  0  0,0007059479  0,001659348
-416,5  2,235302E-6  0  0,0004603439  0,001422458
-413  1,448486E-6  0  0,0001219237  0,001197339
-409,5  1,0143E-6  0  -0,0001954451  0,0009879785
-406  7,633198E-7  0  -0,0003724991  0,0007902938
-402,5  4,949365E-7  0  -0,0003431694  0,0006141427
-399  2,566338E-7  0  -0,0001073054  0,0004950952
-395,5  3,456025E-7  0  0,0002921868  0,0005101268
-392  1,207169E-6  0  0,0007769396  0,0007768744
-388,5  3,440856E-6  0  0,001211949  0,001404292
-385  7,733868E-6  0  0,001398563  0,002403724
-381,5  1,440901E-5  0  0,001139777  0,003620762
-378  2,291418E-5  0  0,0003624188  0,004773136
-374,5  3,206409E-5  0  -0,0008172617  0,005603229
-371  4,093416E-5  0  -0,002158923  0,006022724
-367,5  4,932987E-5  0  -0,003437173  0,006125007
-364  5,753372E-5  0  -0,004541161  0,00607549
-360,5  6,590472E-5  0  -0,005476171  0,005993018
-357  7,459164E-5  0  -0,006303444  0,005904086
-353,5  8,350959E-5  0  -0,007087264  0,005768906
-350  9,276173E-5  0  -0,007879822  0,005538062
-346,5  0,0001029863  0  -0,008726006  0,005181037
-343  0,0001150059  0,08551898  -0,009655115  0,004667403
-339,5  0,0001291046  0,1814707  -0,01065655  0,003942415
-336  0,0001442815  0,2897944  -0,01165006  0,002925338
-332,5  0,000157607  0,4119657  -0,01245801  0,001550774
-329  0,0001646386  0,5458947  -0,0128305  -0,0001294117
-325,5  0,0001615708  0,6830126  -0,01257358  -0,001864366
-322  0,0001481249  0,8091651  -0,01171876  -0,003285648
-318,5  0,0001290874  0,9109354  -0,01057159  -0,004162805
-315  0,0001125146  0,9879882  -0,009541225  -0,004634611
-311,5  0,000105084  1,065485  -0,008846353  -0,005179382
-308  0,0001089875  1,180526  -0,008344144  -0,006273974
-304,5  0,0001226033  1,341866  -0,007666123  -0,00798961
-301  0,0001407727  1,519836  -0,006569206  -0,009880196
-297,5  0,000153995  1,676158  -0,005178189  -0,01127747
-294  0,000153192  1,78704  -0,003888306  -0,01175045
-290,5  0,000138805  1,845987  -0,003035841  -0,0113837
-287  0,0001213602  1,864758  -0,002638375  -0,01069576
-283,5  0,0001113064  1,876809  -0,002403114  -0,01027285
-280  0,0001117693  1,920124  -0,001960089  -0,01038881
-276,5  0,0001192036  2,003381  -0,001125004  -0,01085993
-273  0,0001256736  2,103523  -3,45491E-5  -0,01121037
-269,5  0,0001227806  2,190266  0,0009259358  -0,01104189
-266  0,0001091769  2,239555  0,001385071  -0,01035657
-262,5  9,361272E-5  0  0,001238911  -0,009595719
-259  8,81542E-5  0  0,0006692796  -0,009365162
-255,5  0,0001004709  2,101832  -4,784231E-5  -0,0100234
-252  0,0001304222  2,042454  -0,0007321138  -0,01139676
-248,5  0,0001666239  2,001515  -0,001354039  -0,01283707
-245  0,0001895369  1,964971  -0,001943401  -0,01362938
-241,5  0,0001884846  1,928088  -0,002437857  -0,01351079
-238  0,0001746014  1,903772  -0,002661827  -0,0129428
-234,5  0,000171409  1,916513  -0,002473792  -0,01285649
-231  0,0001982329  1,974291  -0,001857485  -0,01395645
-227,5  0,0002595677  2,056501  -0,0008068919  -0,01609089
-224  0,0003311776  2,153391  0,0008511136  -0,01817837
-220,5  0,0003639556  2,28471  0,003379884  -0,01877584
-217  0,0003296727  2,482174  0,006659979  -0,01689134
-213,5  0,0002498081  2,769665  0,009728663  -0,01245637
-210  0,0001596176  3,155688  0,01095324  -0,006296353
-206,5  7,792624E-5  0  0,008826453  0,0001412823
-203  3,459827E-5  0  0,002824932  0,005159266
-199,5  8,935247E-5  0  -0,006152156  0,00717659
-196  0,0002815191  6,516441  -0,01601643  0,004999307
-192,5  0,0005882449  6,892548  -0,02418818  -0,001782361
-189  0,000947472  7,230508  -0,02821132  -0,01231234
-185,5  0,001283996  7,566475  -0,02627997  -0,02435897
-182  0,001526457  7,909115  -0,01806508  -0,0346426
-178,5  0,001591201  8,253527  -0,005418729  -0,0395201
-175  0,001380584  8,606696  0,007996343  -0,03628556
-171,5  0,0009470787  9,020099  0,0181384  -0,02486116
-168  0,0005616001  9,594011  0,02212361  -0,008493883
-164,5  0,0004300881  10,34679  0,01921108  0,007811703
-161  0,0005270331  11,03497  0,01093389  0,02018621
-157,5  0,0007533248  11,53764  -0,0001717135  0,02744623
-154  0,001078974  11,93343  -0,01285328  0,03022859
-150,5  0,001635213  12,29807  -0,02805393  0,0291237
-147  0,002737321  12,64757  -0,0470055  0,02297399
-143,5  0,004792842  12,98068  -0,06872002  0,008390504
-140  0,008211511  13,29769  -0,08889098  -0,01760411
-136,5  0,01279492  13,59225  -0,09980085  -0,053242
-133  0,01674785  13,87365  -0,09277501  -0,09022554
-129,5  0,01741716  14,16384  -0,06432772  -0,115235
-126  0,01347899  14,48677  -0,02149385  -0,1140921
-122,5  0,006576149  14,90082  0,01831692  -0,07899772
-119  0,001359771  15,8097  0,03345524  -0,01550865
-115,5  0,003204555  17,66717  0,008313752  0,05599497
-112  0,01457505  18,30721  -0,05709829  0,1063712
-108,5  0,03264056  18,73359  -0,1436315  0,1095927
-105  0,05036208  19,13842  -0,2176073  0,05485563
-101,5  0,06099951  19,57476  -0,2425643  -0,0464979
-98  0,06358228  20,08206  -0,1933943  -0,1618052
-94,5  0,06558257  20,68898  -0,06761034  -0,2470049
-91  0,08068055  21,35164  0,1094286  -0,2621182
-87,5  0,1182994  21,95657  0,2894976  -0,1857163
-84  0,174104  22,46686  0,4165045  -0,02506043
-80,5  0,2308723  22,91616  0,4445574  0,1823213
-77  0,2685052  23,34599  0,3538779  0,3785178
-73,5  0,2776273  23,79081  0,1592003  0,5022774
-70  0,2676307  24,28122  -0,09437907  0,5086485
-66,5  0,2665381  24,82763  -0,3442403  0,3847554
-63  0,3017573  25,38756  -0,5277811  0,1523299
-59,5  0,3837225  25,89745  -0,6032953  -0,1405606
-56  0,5031421  26,3225  -0,5629842  -0,4314985
-52,5  0,6233886  26,66404  -0,429587  -0,6624527
-49  0,7003927  26,94215  -0,2450734  -0,8002073
-45,5  0,7112342  27,17013  -0,05832607  -0,8413277
-42  0,6514063  27,35101  0,08993869  -0,8020706
-38,5  0,5353295  27,48678  0,1791979  -0,7093783
-35  0,3986548  27,57931  0,2105374  -0,5952553
-31,5  0,2786341  27,63135  0,201661  -0,4878185
-28  0,1959236  27,6581  0,1799848  -0,4043872
-24,5  0,1540679  27,69247  0,1718325  -0,3529044
-21  0,1485395  27,76238  0,1925161  -0,3338818
-17,5  0,1763526  27,8693  0,2473934  -0,3393362
-14  0,2436378  27,99464  0,3383621  -0,3593729
-10,5  0,3666667  28,10192  0,4599109  -0,3938892
-7  0,5492863  28,15908  0,589532  -0,449153
-3,5  0,7527632  28,16511  0,6932978  -0,5216334
0  0,9128822  28,13554  0,7461599  -0,5967643
3,5  0,9938063  28,07916  0,74221  -0,6655304
7  1  27,99035  0,6823746  -0,7310027
10,5  0,9430983  27,85254  0,5588728  -0,7942037
14  0,8361824  27,64576  0,3614898  -0,839945
17,5  0,7181596  27,35846  0,1007016  -0,8414385
21  0,6412387  27,00748  -0,1840152  -0,7793441
24,5  0,6280472  26,64399  -0,4444357  -0,6561434
28  0,6599467  26,31861  -0,6466864  -0,4916741
31,5  0,6918803  26,04632  -0,7731447  -0,3068023
35  0,6755595  25,80975  -0,8137446  -0,1156687
38,5  0,5893554  25,57962  -0,7646609  0,06818457
42  0,4513334  25,32593  -0,6327652  0,2257026
45,5  0,3050943  25,01464  -0,4384078  0,3359954
49  0,193966  24,60577  -0,2142387  0,3847957
52,5  0,1366044  24,09306  0,001735012  0,3695962
56  0,1210193  23,5663  0,1763013  0,2998952
59,5  0,1204728  23,12194  0,2874466  0,1945437
63  0,1121786  22,75975  0,3258964  0,07726656
66,5  0,08790014  22,42999  0,2950868  -0,02870446
70  0,05509334  22,06292  0,2098983  -0,1050525
73,5  0,02869518  21,54136  0,09356925  -0,141209
77  0,01918514  20,7623  -0,02668432  -0,1359157
80,5  0,0251729  20,042  -0,1256667  -0,09685444
84  0,03626916  19,58689  -0,1865906  -0,03811971
87,5  0,04230613  19,27116  -0,2043446  0,02343965
91  0,03929428  19,01155  -0,1845384  0,07238683
94,5  0,02935746  18,77052  -0,1399619  0,09883381
98  0,01752409  18,51935  -0,08576415  0,1008395
101,5  0,008205735  18,20948  -0,03485029  0,08361335
105  0,003177056  17,73178  0,004660845  0,05617235
108,5  0,001632716  16,98854  0,02970891  0,0273879
112  0,001722765  16,32299  0,04137605  0,003284412
115,5  0,002065021  15,94248  0,04339552  -0,01348518
119  0,002130765  15,73081  0,04021917  -0,02265355
122,5  0,001875839  15,62059  0,03516967  -0,02527714
126  0,001418683  15,57783  0,0296176  -0,02326975
129,5  0,0009193907  15,56462  0,02359323  -0,019046
133  0,0005053825  15,5312  0,01701071  -0,01469756
136,5  0,0002305098  15,42187  0,01033673  -0,01112033
140  8,207984E-5  0  0,004463396  -0,007884031
143,5  1,492014E-5  0  0,000158336  -0,003859413
147  9,743935E-6  0  -0,002478786  0,001897249
150,5  0,0001062639  11,93638  -0,004061682  0,009474527
154  0,0003534793  11,8204  -0,005358466  0,01802127
157,5  0,0007289053  11,7815  -0,006682509  0,02615816
161  0,001118545  11,76824  -0,007847668  0,03251091
164,5  0,001388752  11,76663  -0,008686156  0,03623952
168  0,001488829  11,7813  -0,009543122  0,0373866
171,5  0,001467432  11,82871  -0,01122261  0,03662629
175  0,001402547  11,92857  -0,01448692  0,03453515
178,5  0,001359828  12,09346  -0,01965287  0,03120244
182  0,001406687  12,31726  -0,0265334  0,02650784
185,5  0,001614  12,56768  -0,03457127  0,02046527
189  0,002026654  12,80403  -0,0430322  0,01322435
192,5  0,002646897  13,00424  -0,05120144  0,005030915
196  0,003441122  13,16485  -0,0585459  -0,003674096
199,5  0,004359699  13,29022  -0,06486408  -0,01234299
203  0,005373956  13,38814  -0,07033034  -0,02067849
206,5  0,006494313  13,46824  -0,07524805  -0,02884517
210  0,007738918  13,54019  -0,07966642  -0,03731193
213,5  0,009105864  13,6116  -0,08330827  -0,04653596
217  0,01058579  13,68631  -0,08582778  -0,0567396
220,5  0,01216278  13,7651  -0,0869266  -0,06787151
224  0,01378922  13,84836  -0,08622552  -0,07971435
227,5  0,01539579  13,93704  -0,08329235  -0,09196835
231  0,01692585  14,03099  -0,07790165  -0,1041978
234,5  0,01833756  14,12832  -0,07016201  -0,1158225
238  0,01960435  14,22693  -0,06040304  -0,1263164
241,5  0,02072615  14,32568  -0,04900029  -0,1353703
245  0,0216937  14,42458  -0,03621038  -0,1427673
248,5  0,02244222  14,52486  -0,02210727  -0,1481671
252  0,02287554  14,62827  -0,006759201  -0,1510955
255,5  0,02292432  14,73579  0,009504931  -0,1511092
259  0,02257208  14,8472  0,02604385  -0,1479655
262,5  0,02184764  14,96177  0,04209581  -0,1416883
266  0,02080698  15,07924  0,05700304  -0,1325052
269,5  0,01952546  15,20027  0,07031343  -0,1207538
273  0,01809773  15,32604  0,08174187  -0,1068457
276,5  0,01661906  15,4576  0,09108599  -0,09122718
280  0,01516653  15,59599  0,0982047  -0,07431261
283,5  0,01380501  15,74209  0,1030163  -0,05650348
287  0,01257794  15,89555  0,1054203  -0,03826875
290,5  0,01148122  16,05497  0,1052463  -0,0201107
294  0,0104837  16,21979  0,1023605  -0,002455511
297,5  0,009576222  16,39064  0,09680468  0,01432046
301  0,008770883  16,56718  0,08879781  0,02976293
304,5  0,00806479  16,74716  0,07866447  0,0433208
308  0,007431768  16,92755  0,06682742  0,05445975
311,5  0,006842051  17,10592  0,05383261  0,06280208
315  0,006278092  17,28108  0,04029372  0,06822396
318,5  0,005734639  17,45331  0,02676615  0,07083934
322  0,005211684  17,62398  0,01367586  0,0708848
325,5  0,004714022  17,79459  0,001371683  0,06864503
329  0,004251328  17,96491  -0,009765701  0,06446673
332,5  0,003824422  18,13197  -0,01930077  0,05875289
336  0,003415069  18,29213  -0,02685914  0,05190044
339,5  0,003001233  18,4445  -0,03227229  0,04426886
343  0,002579233  18,59156  -0,03560824  0,0362117
346,5  0,002165155  18,73655  -0,03707614  0,0281161
350  0,001779542  18,88074  -0,03692647  0,02039552
353,5  0,001435502  19,02347  -0,03543391  0,0134142
357  0,001138074  19,16469  -0,03291726  0,007384332
360,5  0,0008880454  19,30722  -0,02970915  0,002326319
364  0,0006833296  19,45709  -0,02607336  -0,00187336
367,5  0,0005194677  19,62315  -0,02215052  -0,005368628
371  0,0003918504  19,81717  -0,01797825  -0,0082845
374,5  0,0002973804  20,0517  -0,01355593  -0,01065914
378  0,0002332901  20,33255  -0,008919529  -0,01239888
381,5  0,0001947638  20,65026  -0,004202849  -0,01330789
385  0,0001746165  20,98291  0,0003534634  -0,01320953
388,5  0,0001659176  21,31059  0,004470427  -0,01208027
392  0,0001649661  21,62349  0,007949002  -0,01008858
395,5  0,000171925  21,91785  0,01075395  -0,00750184
399  0,0001894969  22,1896  0,01298984  -0,004556421
402,5  0,0002210142  22,43209  0,0147997  -0,001408212
406  0,000268243  22,63957  0,01627438  0,001840513
409,5  0,0003300187  22,81201  0,01743335  0,005108521
413  0,0004035909  22,95543  0,01827352  0,008346819
416,5  0,000487479  23,07934  0,01879525  0,01158523
420  0,0005822241  23,19442  0,01895102  0,01493596
423,5  0,000689879  23,3099  0,01861817  0,01852682
427  0,0008156129  23,43113  0,01765898  0,02244489
430,5  0,0009687669  23,55901  0,01596884  0,02671634
434  0,001159213  23,69127  0,01346178  0,03127288
437,5  0,001390888  23,82437  0,01006931  0,03590957
441  0,00165651  23,95503  0,005789091  0,04028642
444,5  0,001937504  24,08117  0,000730001  0,04401103
448  0,002211848  24,20229  -0,004907624  0,04677353
451,5  0,002463377  24,31951  -0,01091616  0,04841709
455  0,002682674  24,43526  -0,01715097  0,04887247
458,5  0,002861237  24,55254  -0,02349696  0,04805341
462  0,00298805  24,67333  -0,02975429  0,04585555
465,5  0,003052707  24,79759  -0,03558708  0,04226425
469  0,003052578  24,92369  -0,04061884  0,03745248
472,5  0,002996543  25,0496  -0,04458548  0,03175969
476  0,002898652  25,17417  -0,0473927  0,02554573
479,5  0,002766236  25,29782  -0,0490218  0,01905516
483  0,002595133  25,42179  -0,04939937  0,01244328
486,5  0,002376963  25,54675  -0,04839293  0,005923475
490  0,002111812  25,67182  -0,04595421  -0,0001503439
493,5  0,001814964  25,79491  -0,04226275  -0,005368778
497  0,00151174  25,91387  -0,03771703  -0,009442788
500,5  0,001227017  26,02821  -0,0327876  -0,01232846
504  0,0009782958  26,14057  -0,02785752  -0,01422162
507,5  0,0007735557  26,25661  -0,0231408  -0,01542916
511  0,0006117168  26,38296  -0,01868518  -0,01620434
514,5  0,0004852779  26,52519  -0,01442852  -0,01664619
518  0,0003847248  26,68676  -0,01029549  -0,01669514
521,5  0,0003030884  26,86843  -0,006310377  -0,01622552
525  0,0002374918  27,06787  -0,002629606  -0,01518476
528,5  0,0001867884  27,27945  0,0005479431  -0,01365607
532  0,0001487468  27,49615  0,003097705  -0,01179623
535,5  0,0001198125  27,71381  0,005000759  -0,009736782
539  9,673087E-5  0  0,006287758  -0,007562735
542,5  7,766659E-5  0  0,006987912  -0,005369886
546  6,188188E-5  0  0,007135873  -0,003310771
549,5  4,876627E-5  0  0,006805283  -0,001566654
553  3,749944E-5  0  0,006118115  -0,0002609812
556,5  2,753656E-5  0  0,005211981  0,0006097721
560  1,889546E-5  0  0,004192685  0,001147542
563,5  1,181653E-5  0  0,003122785  0,001436921
567  6,346267E-6  0  0,002059538  0,001450714
570,5  2,362311E-6  0  0,001101437  0,001071983
574  2,138569E-7  0  0,0004012582  0,0002298884
577,5  9,345133E-7  0  0,0001287336  -0,0009580924
581  4,895539E-6  0  0,0003972775  -0,002176628
584,5  1,087742E-5  0  0,001211389  -0,003067565
588  1,794533E-5  0  0,002495127  -0,0034234
591,5  2,814142E-5  0  0,004181588  -0,003264313
595  4,701255E-5  0  0,006275587  -0,002762164
598,5  8,251807E-5  0  0,0088412  -0,002085966
602  0,0001440066  28,704  0,01193273  -0,001271397
605,5  0,0002406827  28,7976  0,01551273  -0,0001945196
609  0,0003786648  28,87921  0,01941292  0,001342888
612,5  0,0005588664  28,95862  0,02338023  0,003497288
616  0,0007779809  29,03891  0,02716561  0,006325381
619,5  0,001029961  29,12041  0,03056058  0,009798538
623  0,001305159  29,20328  0,03337092  0,01383983
626,5  0,00158982  29,28794  0,03540722  0,01833437
630  0,001867981  29,37434  0,0365218  0,02311145
633,5  0,002123119  29,46158  0,03664115  0,02793824
637  0,002338455  29,5484  0,03576723  0,03254475
640,5  0,00249777  29,63351  0,03397276  0,03665544
644  0,002587107  29,71554  0,03140201  0,04001276
647,5  0,002597468  29,79309  0,02826406  0,04241003
651  0,002528062  29,86489  0,02481029  0,04373227
654,5  0,002387195  29,92997  0,02129473  0,0439742
658  0,002189841  29,98773  0,01793  0,04322449
661,5  0,001954543  30,03807  0,01486299  0,04163693
665  0,001701284  30,08124  0,01217748  0,03940803
668,5  0,001449539  30,1177  0,009906871  0,03676129
672  0,001215536  30,14837  0,008035538  0,03392589
675,5  0,001009396  30,17508  0,006494304  0,03110016
679  0,0008343082  30,20083  0,005174196  0,02841718
682,5  0,0006884202  30,22931  0,003963052  0,02593674
686  0,0005674594  30,26397  0,002780047  0,02365863
689,5  0,0004665821  30,30717  0,001591951  0,02154177
693  0,0003817266  30,36018  0,0004055194  0,01953362
696,5  0,0003103111  30,42417  -0,000761339  0,01759919
700  0,0002507099  30,50149  -0,001904242  0,0157189
703,5  0,0002011896  30,59512  -0,003014861  0,01386002
707  0,0001597506  30,70653  -0,004042844  0,01197523
710,5  0,0001246247  30,83434  -0,004889882  0,01003563
714  9,462726E-5  0  -0,00544261  0,008062584
717,5  6,919753E-5  0  -0,005614778  0,006137736
721  4,837869E-5  0  -0,005393906  0,004391408
724,5  3,243808E-5  0  -0,004876416  0,002942558
728  2,123855E-5  0  -0,004232675  0,001822915
731,5  1,396485E-5  0  -0,003610637  0,000963404
735  9,428552E-6  0  -0,00305948  0,0002610236
738,5  6,523462E-6  0  -0,002531584  -0,0003384447
742  4,478417E-6  0  -0,001955958  -0,0008078656
745,5  2,903072E-6  0  -0,00132229  -0,001074534
749  1,703923E-6  0  -0,0007075149  -0,001096971
752,5  8,941446E-7  0  -0,0002200152  -0,0009196401
756  4,339836E-7  0  8,203807E-5  -0,0006536462
759,5  2,132185E-7  0  0,000219864  -0,0004060521
763  1,171365E-7  0  0,0002572445  -0,0002257471
766,5  7,10359E-8  0  0,0002448486  -0,0001052855
770  4,046942E-8  0  0,000200033  -2,135922E-5
773,5  1,744378E-8  0  0,0001279186  3,287256E-5
777  4,975564E-9  0  4,830337E-5  5,140378E-5
780,5  1,616331E-9  0  -5,76784E-6  3,978773E-5
784  1,011335E-9  0  -1,729351E-5  2,668838E-5
787,5  1,789314E-9  0  -6,60775E-6  4,1781E-5
791  7,029218E-9  0  -1,516774E-5  8,245701E-5
794,5  1,626089E-8  0  -6,264416E-5  0,0001110702
798  2,367578E-8  0  -0,000124107  9,095732E-5
801,5  2,343396E-8  0  -0,0001510724  2,472008E-5
805  1,539947E-8  0  -0,0001160529  -4,394548E-5
808,5  6,077049E-9  0  -3,804945E-5  -6,803887E-5
812  2,498265E-9  0  3,539957E-5  -3,528647E-5
815,5  5,205086E-9  0  6,688999E-5  2,703358E-5
819  9,129194E-9  0  5,365928E-5  7,905615E-5
822,5  1,035451E-8  0  2,146072E-5  9,946835E-5
826  8,985045E-9  0  -1,498731E-6  9,477763E-5
829,5  7,455693E-9  0  -5,962907E-6  8,614021E-5
833  7,729313E-9  0  -1,934128E-6  8,789523E-5
836,5  9,902537E-9  0  -4,292061E-6  9,941889E-5
840  1,267895E-8  0  -1,988384E-5  0,0001108313
843,5  1,5034E-8  0  -4,565129E-5  0,0001137979
847  1,646404E-8  0  -7,350122E-5  0,0001051742
850,5  2,107515E-8  0  -0,0001030455  0,0001022583
854  2,181488E-8  0  -0,0001321154  6,603337E-5
857,5  1,53812E-8  0  -9,037013E-5  8,493788E-5
861  1,202938E-8  0  -0,0001092246  -9,967913E-6
864,5  3,203633E-8  0  -0,0001701819  5,54476E-5
868  2,254169E-8  0  -0,0001090643  0,0001031827
871,5  8,173745E-8  0  -0,000283624  3,598481E-5
875  2,898079E-8  0  -6,802219E-5  0,000156057
878,5  1,531741E-7  0  -0,0003151068  0,0002321246
882  5,604566E-8  0  -4,260674E-5  0,000232874
885,5  1,203994E-7  0  -0,000283585  -0,0001999474
889  3,963151E-8  0  -0,0001151059  0,0001624258
892,5  3,359068E-8  0  -0,0001826086  -1,564482E-5
