SHG FROG
Grid size is 512
 
*********** Test Field. ************
Experimental FROG trace loaded from A:\MPC\2024-10-25\FROG\at fibre input\10 compressor roundtrips\50kHz 1.5bar Kr\no glass\scan1 .frog
Number of delay points: 512
Number of wavelength points: 512
Delay spacing: 2,93 fs
Wavelength spacing: 1,72 nm
Center wavelength: 597 nm
DataOrder: Wavelength
Read in as constant Wavelength bins
 
Edge noise subtraction.
Edge noise subtraction.
Edge noise subtraction.
Edge noise subtraction.
Edge noise subtraction.
Edge noise subtraction.
Edge noise subtraction.
Edge noise subtraction.
Edge noise subtraction.
Full spectrum noise subtraction.
Full spectrum noise subtraction.
Full spectrum noise subtraction.
Full spectrum noise subtraction.
Full spectrum noise subtraction.
Data extracted from (1,160) to (511,254)
Full spectrum noise subtraction.
Delay resampled to 3,5fs.
Trace center in delay found at pixel 209,8
Centered wavelength by center of mass at 44,4
There were -0,2843 too many wavelength points.
Wavelength Center at pixel 44,4
Wavelength shift of -4,473 nm.
 
--- 
Central wavelength of retrieved field is 1016 nm.
 
Basic
1   0,045622
2   0,04147
3   0,038187
4   0,036763
5   0,035623
6   0,034483
7   0,033011
8   0,031259
9   0,027088
10   0,025713
11   0,025977
12   0,024358
13   0,023147
14   0,022398
15   0,021871
16   0,02149
17   0,021231
18   0,021132
19   0,020957
20   0,020725
21   0,020396
22   0,019889
23   0,019145
24   0,018208
25   0,017124
26   0,016023
27   0,014975
28   0,013783
29   0,012324
30   0,011072
31   0,010348
32   0,01016
33   0,010243
34   0,01046
35   0,010828
36   0,011362
37   0,011841
38   0,012184
39   0,012456
40   0,012926
41   0,013672
 
Projections
42   0,0076353
43   0,0069308
44   0,0065773
45   0,0063587
46   0,0079275
47   0,0064564
48   0,0061565
49   0,0060028
50   0,005896
51   0,0074273
52   0,0061032
53   0,0058595
54   0,0057545
55   0,0056885
56   0,0071095
57   0,0059813
58   0,0057627
59   0,0056763
60   0,0056266
61   0,0072152
62   0,0059708
63   0,0057491
64   0,0056641
65   0,0056173
66   0,0074783
67   0,0060052
68   0,0057592
69   0,0056689
70   0,0056209
71   0,0077844
72   0,006071
73   0,0057887
74   0,0056875
75   0,0056343
76   0,0079887
 
Proj. - Overstep
77   0,0055645
78   0,0055399
79   0,0055275
80   0,005519
81   0,0055136
82   0,0055094
83   0,0055063
84   0,0055037
85   0,0055016
86   0,0054997
87   0,0054981
88   0,0054966
 
IntenGate
89   0,0073946
90   0,0060086
91   0,0063179
92   0,0079803
93   0,0062656
94   0,0065778
95   0,0085328
96   0,0065699
97   0,0068578
98   0,0090233
 
Expo
99   0,0076137
100   0,0090751
101   0,010421
102   0,011183
103   0,012073
104   0,014292
105   0,016394
106   0,018412
107   0,02003
108   0,047241
 
Projections
109   0,032069
110   0,019849
111   0,015351
112   0,013083
113   0,011777
114   0,010926
115   0,010316
116   0,0098449
117   0,0094562
118   0,009102
119   0,0087616
120   0,0084329
121   0,0081235
122   0,0078245
123   0,0075376
124   0,0072527
125   0,0069774
126   0,0067317
127   0,0065275
128   0,0063648
129   0,0062373
130   0,0061379
131   0,0060595
132   0,005996
133   0,0059433
134   0,0058987
135   0,0058599
136   0,0058259
137   0,0057956
138   0,0057686
139   0,0057442
140   0,0057222
141   0,0057022
142   0,0056839
143   0,0056673
144   0,005652
145   0,005638
146   0,0056252
147   0,0056133
148   0,0056023
149   0,0055922
150   0,0055828
151   0,0055741
152   0,005566
153   0,0055585
154   0,0055515
155   0,0055449
156   0,0055388
157   0,0055331
158   0,0055277
159   0,0055226
160   0,0055179
161   0,0055134
162   0,0055092
163   0,0055052
164   0,0055014
165   0,0054978
166   0,0054944
167   0,0054912
168   0,0054881
169   0,0054852
170   0,0054824
 
Projections
171   0,012193
172   0,0071028
173   0,0058406
174   0,0055175
175   0,0054336
176   0,0054005
177   0,0053841
178   0,0053745
179   0,0053686
180   0,0053646
181   0,0053618
182   0,0053596
183   0,0053579
184   0,0053565
185   0,0053553
186   0,0053543
 
Basic
187   0,0074712
188   0,0086875
189   0,0095607
190   0,010333
191   0,011062
192   0,011896
193   0,012956
194   0,014268
195   0,016183
196   0,018605
 
Projections
197   0,0053534
198   0,0053526
199   0,0053518
200   0,0053511
201   0,0074827
202   0,0056295
203   0,0054281
204   0,0053833
205   0,0053671
206   0,0081059
207   0,0057588
208   0,0054858
209   0,0054167
210   0,005389
211   0,0085648
 
Proj. - Overstep
212   0,0053498
213   0,0053487
214   0,0053477
215   0,0053467
216   0,0053459
217   0,005345
218   0,0053442
219   0,0053435
220   0,0053428
221   0,0053421
 
IntenGate
222   0,0080218
223   0,0057879
224   0,0061499
225   0,0088788
226   0,006025
227   0,0063569
228   0,0092734
229   0,0061884
230   0,0066395
231   0,0099654
 
Expo
232   0,0083047
233   0,009722
234   0,010432
235   0,011066
236   0,012055
237   0,013375
238   0,01409
239   0,015063
240   0,015104
241   0,017203
 
Projections
242   0,011466
243   0,0091035
244   0,0080245
245   0,0073948
246   0,0069698
247   0,0066625
248   0,0064315
249   0,0062528
250   0,0061121
251   0,0059997
252   0,005909
253   0,0058353
254   0,0057745
255   0,0057237
256   0,0056809
257   0,0056446
258   0,0056134
259   0,0055864
260   0,0055629
261   0,0055424
262   0,0055243
263   0,0055083
264   0,0054941
265   0,0054814
266   0,00547
267   0,0054598
268   0,0054507
269   0,0054424
270   0,0054348
271   0,005428
272   0,0054218
273   0,0054161
274   0,0054109
275   0,0054061
276   0,0054017
277   0,0053976
278   0,0053939
279   0,0053904
280   0,0053872
281   0,0053842
282   0,0053814
283   0,0053788
284   0,0053764
 
Projections
285   0,011481
286   0,007211
287   0,0060144
288   0,0056523
289   0,0055146
290   0,0054511
291   0,0054175
292   0,0053976
293   0,005385
294   0,0053764
295   0,0053704
296   0,0053661
297   0,0053629
298   0,0053604
299   0,0053584
300   0,0053568
301   0,0053555
302   0,0053544
 
Basic
303   0,0080218
304   0,0095903
305   0,010455
306   0,011057
307   0,011705
308   0,012534
309   0,01366
310   0,015066
311   0,017222
312   0,01907
 
Projections
313   0,0053417
314   0,0053414
315   0,0053411
316   0,0053407
317   0,007654
318   0,0056493
319   0,0054329
320   0,0053847
321   0,0053672
322   0,0082429
323   0,0057747
324   0,0054888
325   0,0054167
326   0,0053879
327   0,0086456
 
Proj. - Overstep
328   0,0053401
329   0,0053395
330   0,0053389
331   0,0053384
332   0,0053378
333   0,0053373
334   0,0053368
335   0,0053363
336   0,0053358
337   0,0053354
 
IntenGate
338   0,0081797
339   0,0057805
340   0,0061316
341   0,0090082
342   0,0059992
343   0,0063076
344   0,0093678
345   0,0061164
346   0,0065632
347   0,01001
 
Expo
348   0,0084752
349   0,0098735
350   0,010512
351   0,011104
352   0,011877
353   0,01308
354   0,013631
355   0,012403
356   0,014178
357   0,016554
 
Projections
358   0,010082
359   0,0075031
360   0,0068119
361   0,0064847
362   0,0062718
363   0,0061197
364   0,0060069
365   0,0059203
366   0,0058525
367   0,005798
368   0,0057535
369   0,0057164
370   0,0056851
371   0,0056584
372   0,0056352
373   0,005615
374   0,0055972
375   0,0055814
376   0,0055674
377   0,0055548
378   0,0055435
379   0,0055333
380   0,005524
381   0,0055155
382   0,0055077
383   0,0055006
384   0,0054941
385   0,005488
386   0,0054824
387   0,0054771
388   0,0054723
389   0,0054677
390   0,0054634
391   0,0054594
392   0,0054557
393   0,0054521
394   0,0054487
395   0,0054456
396   0,0054425
397   0,0054397
398   0,0054369
 
Projections
399   0,012634
400   0,0077465
401   0,0063342
402   0,005845
403   0,0056313
404   0,005516
405   0,0054487
406   0,0054076
407   0,0053818
408   0,0053653
409   0,0053543
410   0,0053469
411   0,0053418
412   0,0053383
413   0,0053358
414   0,0053341
415   0,0053329
416   0,0053321
417   0,0053315
 
Basic
418   0,0069704
419   0,0081308
420   0,0091557
421   0,010185
422   0,011106
423   0,012196
424   0,013677
425   0,015792
426   0,018253
427   0,020183
 
Projections
428   0,0053312
429   0,005331
430   0,0053309
431   0,0053309
432   0,0070185
433   0,0056297
434   0,0054577
435   0,0054117
436   0,0053913
437   0,0075352
438   0,0057853
439   0,0055455
440   0,0054718
441   0,005436
442   0,0078822
 
Proj. - Overstep
443   0,0053311
444   0,0053314
445   0,0053317
446   0,005332
447   0,0053323
448   0,0053326
449   0,0053328
450   0,0053329
451   0,0053331
452   0,0053331
 
IntenGate
453   0,007007
454   0,0059274
455   0,006233
456   0,0078536
457   0,006169
458   0,0064722
459   0,0082502
460   0,0064113
461   0,0067857
462   0,008859
 
Expo
463   0,0072107
464   0,0084073
465   0,009441
466   0,010557
467   0,011674
468   0,013389
469   0,014348
470   0,016208
471   0,016122
472   0,018027
 
Projections
473   0,011754
474   0,0094741
475   0,0084567
476   0,0078355
477   0,0073983
478   0,0070762
479   0,0068314
480   0,0066408
481   0,0064901
482   0,0063678
483   0,0062669
484   0,0061821
485   0,0061102
486   0,0060479
487   0,0059933
488   0,005945
489   0,0059021
490   0,0058638
491   0,0058293
492   0,0057981
493   0,0057699
494   0,0057442
495   0,0057208
496   0,0056995
497   0,00568
498   0,0056621
499   0,0056457
500   0,0056307
501   0,0056168
502   0,0056041
503   0,0055923
504   0,0055814
505   0,0055714
506   0,0055621
507   0,0055534
508   0,0055454
509   0,005538
510   0,005531
511   0,0055246
512   0,0055185
513   0,0055128
514   0,0055075
515   0,0055025
516   0,0054978
517   0,0054934
518   0,0054892
519   0,0054853
520   0,0054815
521   0,005478
522   0,0054746
523   0,0054714
524   0,0054683
525   0,0054654
526   0,0054626
 
Projections
527   0,011802
528   0,0076822
529   0,0062921
530   0,0058044
531   0,0055989
532   0,0055033
533   0,0054491
534   0,0054145
535   0,0053913
536   0,0053752
537   0,0053639
538   0,0053557
539   0,0053496
540   0,0053451
541   0,0053417
542   0,0053392
543   0,0053372
544   0,0053357
545   0,0053346
546   0,0053337
 
Basic
547   0,007007
548   0,0082008
549   0,0092374
550   0,010262
551   0,011174
552   0,012248
553   0,013705
554   0,015788
555   0,018188
556   0,020087
 
Projections
557   0,005331
558   0,0053311
559   0,0053312
560   0,0053313
561   0,007094
562   0,0056357
563   0,0054579
564   0,0054109
565   0,0053902
566   0,0075948
 
Proj. - Overstep
567   0,0053311
568   0,0053314
569   0,0053317
570   0,005332
571   0,0053323
572   0,0053326
573   0,0053328
574   0,0053329
575   0,0053331
576   0,0053331
 
IntenGate
577   0,007007
578   0,0059274
579   0,006233
580   0,0078536
581   0,006169
582   0,0064722
583   0,0082502
584   0,0064113
585   0,0067857
586   0,008859
 
Expo
587   0,0072107
588   0,0084073
589   0,009441
590   0,010557
591   0,011674
592   0,013389
593   0,014348
594   0,016208
595   0,016122
596   0,018027
 
Projections
597   0,011754
598   0,0094741
599   0,0084567
600   0,0078355
601   0,0073983
602   0,0070762
603   0,0068314
604   0,0066408
605   0,0064901
606   0,0063678
607   0,0062669
608   0,0061821
609   0,0061102
610   0,0060479
611   0,0059933
612   0,005945
613   0,0059021
614   0,0058638
615   0,0058293
616   0,0057981
617   0,0057699
618   0,0057442
619   0,0057208
620   0,0056995
621   0,00568
622   0,0056621
623   0,0056457
624   0,0056307
625   0,0056168
626   0,0056041
627   0,0055923
628   0,0055814
629   0,0055714
630   0,0055621
631   0,0055534
632   0,0055454
633   0,005538
634   0,005531
635   0,0055246
636   0,0055185
637   0,0055128
638   0,0055075
639   0,0055025
640   0,0054978
641   0,0054934
642   0,0054892
643   0,0054853
644   0,0054815
645   0,005478
646   0,0054746
647   0,0054714
648   0,0054683
649   0,0054654
650   0,0054626
 
Projections
651   0,011339
652   0,0074235
653   0,0062902
654   0,0058808
655   0,005687
656   0,0055797
657   0,0055166
658   0,0054778
659   0,0054531
660   0,005437
661   0,0054264
662   0,0054191
663   0,005414
664   0,0054104
665   0,0054078
666   0,0054057
667   0,0054041
668   0,0054028
669   0,0054017
 
Basic
670   0,007007
671   0,0082008
672   0,0092374
673   0,010262
674   0,011174
675   0,012248
676   0,013705
677   0,015788
678   0,018188
679   0,020087
 
Projections
680   0,005331
681   0,0053311
682   0,0053312
683   0,0053313
684   0,007094
685   0,0056357
686   0,0054579
687   0,0054109
688   0,0053902
689   0,0075948
 
Proj. - Overstep
690   0,0053311
691   0,0053314
692   0,0053317
693   0,005332
694   0,0053323
695   0,0053326
696   0,0053328
697   0,0053329
698   0,0053331
699   0,0053331
 
IntenGate
700   0,007007
701   0,0059274
702   0,006233
703   0,0078536
704   0,006169
705   0,0064722
706   0,0082502
707   0,0064113
708   0,0067857
709   0,008859
 
Expo
710   0,0072107
711   0,0084073
712   0,009441
713   0,010557
714   0,011674
715   0,013389
716   0,014348
717   0,016208
718   0,016122
719   0,018027
 
Projections
720   0,011754
721   0,0094741
722   0,0084567
723   0,0078355
724   0,0073983
725   0,0070762
726   0,0068314
727   0,0066408
728   0,0064901
729   0,0063678
730   0,0062669
731   0,0061821
732   0,0061102
733   0,0060479
734   0,0059933
735   0,005945
736   0,0059021
737   0,0058638
738   0,0058293
739   0,0057981
740   0,0057699
741   0,0057442
742   0,0057208
743   0,0056995
744   0,00568
745   0,0056621
746   0,0056457
747   0,0056307
748   0,0056168
749   0,0056041
750   0,0055923
751   0,0055814
752   0,0055714
753   0,0055621
754   0,0055534
755   0,0055454
756   0,005538
757   0,005531
758   0,0055246
759   0,0055185
760   0,0055128
761   0,0055075
762   0,0055025
763   0,0054978
764   0,0054934
765   0,0054892
766   0,0054853
767   0,0054815
768   0,005478
769   0,0054746
770   0,0054714
771   0,0054683
772   0,0054654
773   0,0054626
 
Projections
774   0,011168
775   0,0068463
776   0,0058535
777   0,0055768
778   0,0054956
779   0,0054558
780   0,0054317
781   0,0054154
782   0,0054041
783   0,005396
784   0,0053902
785   0,0053851
786   0,0053801
787   0,0053757
788   0,0053725
789   0,00537
790   0,005368
791   0,0053663
792   0,0053649
 
Basic
793   0,007007
794   0,0082008
795   0,0092374
796   0,010262
797   0,011174
798   0,012248
799   0,013705
800   0,015788
801   0,018188
802   0,020087
 
Projections
803   0,005331
804   0,0053311
805   0,0053312
806   0,0053313
807   0,007094
808   0,0056357
809   0,0054579
810   0,0054109
811   0,0053902
812   0,0075948
 
Proj. - Overstep
813   0,0053311
814   0,0053314
815   0,0053317
816   0,005332
817   0,0053323
818   0,0053326
819   0,0053328
820   0,0053329
821   0,0053331
822   0,0053331
 
IntenGate
823   0,007007
824   0,0059274
825   0,006233
826   0,0078536
827   0,006169
828   0,0064722
829   0,0082502
830   0,0064113
831   0,0067857
832   0,008859
 
Expo
833   0,0072107
834   0,0084073
835   0,009441
836   0,010557
837   0,011674
838   0,013389
839   0,014348
840   0,016208
841   0,016122
842   0,018027
 
Projections
843   0,011754
844   0,0094741
845   0,0084567
846   0,0078355
847   0,0073983
848   0,0070762
849   0,0068314
850   0,0066408
851   0,0064901
852   0,0063678
853   0,0062669
854   0,0061821
855   0,0061102
856   0,0060479
857   0,0059933
858   0,005945
859   0,0059021
860   0,0058638
861   0,0058293
862   0,0057981
863   0,0057699
864   0,0057442
865   0,0057208
866   0,0056995
867   0,00568
868   0,0056621
869   0,0056457
870   0,0056307
871   0,0056168
872   0,0056041
873   0,0055923
874   0,0055814
875   0,0055714
876   0,0055621
877   0,0055534
878   0,0055454
879   0,005538
880   0,005531
881   0,0055246
882   0,0055185
883   0,0055128
884   0,0055075
885   0,0055025
886   0,0054978
887   0,0054934
888   0,0054892
889   0,0054853
890   0,0054815
891   0,005478
892   0,0054746
893   0,0054714
894   0,0054683
895   0,0054654
896   0,0054626
 
Projections
897   0,013019
898   0,0080729
899   0,0064443
900   0,0057955
901   0,0055524
902   0,0054385
903   0,0053826
904   0,0053543
905   0,0053394
906   0,0053315
907   0,005327
908   0,0053244
909   0,0053227
910   0,0053215
911   0,0053206
912   0,0053199
913   0,0053193
 
Basic
914   0,0066489
915   0,0076969
916   0,0088135
917   0,0099354
918   0,011089
919   0,012384
920   0,014079
921   0,016247
922   0,018449
923   0,019837
 
Projections
924   0,0053188
925   0,0053183
926   0,0053178
927   0,0053174
928   0,0064355
929   0,0055632
930   0,0054318
931   0,0053917
932   0,0053726
933   0,0068393
934   0,0057035
935   0,0055223
936   0,0054594
937   0,0054261
938   0,0071613
 
Proj. - Overstep
939   0,0053166
940   0,0053159
941   0,0053152
942   0,0053147
943   0,0053141
944   0,0053137
945   0,0053132
946   0,0053129
947   0,0053125
948   0,0053122
 
IntenGate
949   0,0068645
950   0,0059005
951   0,0061073
952   0,0076518
953   0,0063275
954   0,0065907
955   0,0084352
956   0,0067765
957   0,0071858
958   0,0089661
 
Expo
959   0,0070573
960   0,0081483
961   0,0093963
962   0,010543
963   0,012017
964   0,01351
965   0,015089
966   0,016267
967   0,019519
968   0,017505
 
Projections
969   0,012508
970   0,01063
971   0,0096855
972   0,0090423
973   0,0085511
974   0,0081538
975   0,0078133
976   0,0074996
977   0,0072257
978   0,0069908
979   0,0067919
980   0,0066233
981   0,0064809
982   0,0063593
983   0,0062546
984   0,0061639
985   0,0060847
986   0,0060148
987   0,0059528
988   0,0058973
989   0,0058474
990   0,0058022
991   0,0057613
992   0,0057242
993   0,0056904
994   0,0056595
995   0,0056314
996   0,0056057
997   0,0055823
998   0,0055608
999   0,0055412
1000   0,0055233
1001   0,0055068
1002   0,0054918
1003   0,005478
1004   0,0054654
1005   0,0054539
1006   0,0054433
1007   0,0054337
1008   0,0054248
1009   0,0054168
1010   0,0054094
1011   0,0054026
1012   0,0053963
1013   0,0053906
1014   0,0053854
1015   0,0053806
1016   0,0053762
1017   0,0053721
1018   0,0053683
1019   0,0053649
1020   0,0053616
1021   0,0053587
1022   0,0053559
1023   0,0053534
1024   0,005351
 
Projections
1025   0,01218
1026   0,0073847
1027   0,0059125
1028   0,0055655
1029   0,0054521
1030   0,0053915
1031   0,0053525
1032   0,0053269
1033   0,0053103
1034   0,0052996
1035   0,0052928
1036   0,0052886
1037   0,0052862
1038   0,0052849
1039   0,0052842
1040   0,0052839
1041   0,005284
1042   0,0052843
1043   0,0052846
1044   0,0052851
1045   0,0052856
1046   0,0052861
1047   0,0052867
1048   0,0052873
1049   0,0052878
 
Basic
1050   0,0062173
1051   0,0070262
1052   0,0079146
1053   0,0089491
1054   0,01001
1055   0,011214
1056   0,01265
1057   0,014388
1058   0,01658
1059   0,018689
 
Projections
1060   0,005284
1061   0,0052843
1062   0,0052846
1063   0,0052851
1064   0,0062092
1065   0,0054794
1066   0,005372
1067   0,0053413
1068   0,0053286
1069   0,0065478
 
Proj. - Overstep
1070   0,0052843
1071   0,0052853
1072   0,0052864
1073   0,0052875
1074   0,0052887
1075   0,0052898
1076   0,0052908
1077   0,0052918
1078   0,0052928
1079   0,0052936
 
IntenGate
1080   0,0062173
1081   0,005786
1082   0,0059697
1083   0,0067592
1084   0,0060705
1085   0,006286
1086   0,0074082
1087   0,0063175
1088   0,0066135
1089   0,0077867
 
Expo
1090   0,0063513
1091   0,0071903
1092   0,0082511
1093   0,0094322
1094   0,010648
1095   0,012042
1096   0,0128
1097   0,013996
1098   0,014966
1099   0,025285
 
Projections
1100   0,014483
1101   0,010468
1102   0,0090237
1103   0,008329
1104   0,0078808
1105   0,0075503
1106   0,0072903
1107   0,007076
1108   0,0068967
1109   0,006745
1110   0,0066153
1111   0,006504
1112   0,0064075
1113   0,006323
1114   0,0062484
1115   0,0061819
1116   0,0061222
1117   0,0060683
1118   0,0060192
1119   0,0059745
1120   0,0059336
1121   0,0058962
1122   0,0058618
1123   0,0058302
1124   0,0058011
1125   0,0057743
1126   0,0057495
1127   0,0057267
1128   0,0057058
1129   0,0056865
1130   0,0056687
1131   0,0056522
1132   0,0056369
1133   0,0056228
1134   0,0056097
1135   0,0055976
1136   0,0055863
1137   0,0055759
1138   0,0055663
1139   0,0055573
1140   0,0055489
1141   0,0055412
1142   0,0055339
1143   0,0055272
1144   0,0055208
1145   0,0055149
1146   0,0055094
1147   0,0055042
1148   0,0054993
1149   0,0054947
1150   0,0054904
1151   0,0054863
1152   0,0054824
1153   0,0054788
1154   0,0054753
1155   0,005472
1156   0,0054689
1157   0,0054659
1158   0,005463
 
Projections
1159   0,012579
1160   0,0076385
1161   0,0059735
1162   0,005486
1163   0,0053842
1164   0,0053504
1165   0,0053353
1166   0,0053271
1167   0,0053224
1168   0,0053195
1169   0,0053177
1170   0,005317
1171   0,0053169
1172   0,0053169
1173   0,0053169
 
Basic
1174   0,0062173
1175   0,0070262
1176   0,0079146
1177   0,0089491
1178   0,01001
1179   0,011214
1180   0,01265
1181   0,014388
1182   0,01658
1183   0,018689
 
Projections
1184   0,005284
1185   0,0052843
1186   0,0052846
1187   0,0052851
1188   0,0062092
1189   0,0054794
1190   0,005372
1191   0,0053413
1192   0,0053286
1193   0,0065478
 
Proj. - Overstep
1194   0,0052843
1195   0,0052853
1196   0,0052864
1197   0,0052875
1198   0,0052887
1199   0,0052898
1200   0,0052908
1201   0,0052918
1202   0,0052928
1203   0,0052936
 
IntenGate
1204   0,0062173
1205   0,005786
1206   0,0059697
1207   0,0067592
1208   0,0060705
1209   0,006286
1210   0,0074082
1211   0,0063175
1212   0,0066135
1213   0,0077867
 
Expo
1214   0,0063513
1215   0,0071903
1216   0,0082511
1217   0,0094322
1218   0,010648
1219   0,012042
1220   0,0128
1221   0,013996
1222   0,014966
1223   0,025285
 
Projections
1224   0,014483
1225   0,010468
1226   0,0090237
1227   0,008329
1228   0,0078808
1229   0,0075503
1230   0,0072903
1231   0,007076
1232   0,0068967
1233   0,006745
1234   0,0066153
1235   0,006504
1236   0,0064075
1237   0,006323
1238   0,0062484
1239   0,0061819
1240   0,0061222
1241   0,0060683
1242   0,0060192
1243   0,0059745
1244   0,0059336
1245   0,0058962
1246   0,0058618
1247   0,0058302
1248   0,0058011
1249   0,0057743
1250   0,0057495
1251   0,0057267
1252   0,0057058
1253   0,0056865
1254   0,0056687
1255   0,0056522
1256   0,0056369
1257   0,0056228
1258   0,0056097
1259   0,0055976
1260   0,0055863
1261   0,0055759
1262   0,0055663
1263   0,0055573
1264   0,0055489
1265   0,0055412
1266   0,0055339
1267   0,0055272
1268   0,0055208
1269   0,0055149
1270   0,0055094
1271   0,0055042
1272   0,0054993
1273   0,0054947
1274   0,0054904
1275   0,0054863
1276   0,0054824
1277   0,0054788
1278   0,0054753
1279   0,005472
1280   0,0054689
1281   0,0054659
1282   0,005463
 
Projections
1283   0,011291
1284   0,0074253
1285   0,0061714
1286   0,0057819
1287   0,0055869
1288   0,0054632
1289   0,0053851
1290   0,0053373
1291   0,0053083
1292   0,0052911
1293   0,0052813
1294   0,005276
1295   0,0052734
1296   0,0052724
1297   0,0052722
1298   0,0052726
1299   0,0052733
1300   0,005274
1301   0,0052748
1302   0,0052755
1303   0,0052762
1304   0,0052769
1305   0,0052776
1306   0,0052782
 
Basic
1307   0,007414
1308   0,0084812
1309   0,00948
1310   0,010545
1311   0,011575
1312   0,012683
1313   0,014201
1314   0,016434
1315   0,019126
1316   0,021338
 
Projections
1317   0,0052726
1318   0,0052733
1319   0,005274
1320   0,0052748
1321   0,0071442
1322   0,005558
1323   0,0053807
1324   0,0053399
1325   0,0053239
1326   0,0074697
 
Proj. - Overstep
1327   0,0052735
1328   0,0052752
1329   0,0052768
1330   0,0052781
1331   0,0052793
1332   0,0052804
1333   0,0052813
1334   0,0052821
1335   0,0052828
1336   0,0052834
 
IntenGate
1337   0,007414
1338   0,005748
1339   0,0061103
1340   0,0080384
1341   0,0061485
1342   0,006492
1343   0,0084115
1344   0,0064312
1345   0,0067292
1346   0,0090487
 
Expo
1347   0,0076533
1348   0,008595
1349   0,009726
1350   0,010887
1351   0,011932
1352   0,013143
1353   0,015148
1354   0,01883
1355   0,021459
1356   0,02189
 
Projections
1357   0,01443
1358   0,011173
1359   0,0097903
1360   0,0090432
1361   0,0085284
1362   0,0081339
1363   0,0078131
1364   0,0075399
1365   0,0072982
1366   0,0070804
1367   0,0068812
1368   0,0067072
1369   0,0065581
1370   0,006431
1371   0,0063223
1372   0,0062289
1373   0,0061487
1374   0,0060788
1375   0,0060176
1376   0,0059639
1377   0,0059164
1378   0,005874
1379   0,0058359
1380   0,0058015
1381   0,0057704
1382   0,0057423
1383   0,0057166
1384   0,0056933
1385   0,0056719
1386   0,0056523
1387   0,0056343
1388   0,0056178
1389   0,0056025
1390   0,0055885
1391   0,0055756
1392   0,0055637
1393   0,0055527
1394   0,0055425
1395   0,0055332
1396   0,0055245
1397   0,0055165
1398   0,0055091
1399   0,0055022
1400   0,0054958
1401   0,0054899
1402   0,0054844
1403   0,0054793
1404   0,0054745
1405   0,00547
1406   0,0054658
1407   0,0054618
1408   0,0054581
1409   0,0054546
1410   0,0054513
1411   0,0054482
1412   0,0054452
1413   0,0054424
1414   0,0054398
 
Projections
1415   0,011987
1416   0,0072346
1417   0,0058769
1418   0,0055072
1419   0,0054099
1420   0,0053695
1421   0,0053482
1422   0,0053349
1423   0,0053257
1424   0,0053191
1425   0,0053141
1426   0,0053104
1427   0,0053075
1428   0,0053052
1429   0,0053035
1430   0,0053021
1431   0,005301
 
Basic
1432   0,007414
1433   0,0084812
1434   0,00948
1435   0,010545
1436   0,011575
1437   0,012683
1438   0,014201
1439   0,016434
1440   0,019126
1441   0,021338
 
Projections
1442   0,0052726
1443   0,0052733
1444   0,005274
1445   0,0052748
1446   0,0071442
1447   0,005558
1448   0,0053807
1449   0,0053399
1450   0,0053239
1451   0,0074697
 
Proj. - Overstep
1452   0,0052735
1453   0,0052752
1454   0,0052768
1455   0,0052781
1456   0,0052793
1457   0,0052804
1458   0,0052813
1459   0,0052821
1460   0,0052828
1461   0,0052834
 
IntenGate
1462   0,007414
1463   0,005748
1464   0,0061103
1465   0,0080384
1466   0,0061485
1467   0,006492
1468   0,0084115
1469   0,0064312
1470   0,0067292
1471   0,0090487
 
Expo
1472   0,0076533
1473   0,008595
1474   0,009726
1475   0,010887
1476   0,011932
1477   0,013143
1478   0,015148
1479   0,01883
1480   0,021459
1481   0,02189
 
Projections
1482   0,01443
1483   0,011173
1484   0,0097903
1485   0,0090432
1486   0,0085284
1487   0,0081339
1488   0,0078131
1489   0,0075399
1490   0,0072982
1491   0,0070804
1492   0,0068812
1493   0,0067072
1494   0,0065581
1495   0,006431
1496   0,0063223
1497   0,0062289
1498   0,0061487
1499   0,0060788
1500   0,0060176
1501   0,0059639
1502   0,0059164
1503   0,005874
1504   0,0058359
1505   0,0058015
1506   0,0057704
1507   0,0057423
1508   0,0057166
1509   0,0056933
1510   0,0056719
1511   0,0056523
1512   0,0056343
1513   0,0056178
1514   0,0056025
1515   0,0055885
1516   0,0055756
1517   0,0055637
1518   0,0055527
1519   0,0055425
1520   0,0055332
1521   0,0055245
1522   0,0055165
1523   0,0055091
1524   0,0055022
1525   0,0054958
1526   0,0054899
1527   0,0054844
1528   0,0054793
1529   0,0054745
1530   0,00547
1531   0,0054658
1532   0,0054618
1533   0,0054581
1534   0,0054546
1535   0,0054513
1536   0,0054482
1537   0,0054452
1538   0,0054424
1539   0,0054398
 
Projections
1540   0,011397
1541   0,0070438
1542   0,0060303
1543   0,0057157
1544   0,0055809
1545   0,0055049
1546   0,0054531
1547   0,0054132
1548   0,0053814
1549   0,0053557
1550   0,0053352
1551   0,0053193
1552   0,0053071
1553   0,0052976
1554   0,0052906
1555   0,0052853
1556   0,0052813
1557   0,0052783
1558   0,0052761
1559   0,0052744
1560   0,0052731
1561   0,0052722
 
Basic
1562   0,0080723
1563   0,0092782
1564   0,0099607
1565   0,010727
1566   0,01161
1567   0,012577
1568   0,013801
1569   0,015344
1570   0,017376
1571   0,019677
 
Projections
1572   0,0052716
1573   0,0052712
1574   0,005271
1575   0,0052708
1576   0,0077485
1577   0,0055443
1578   0,0053331
1579   0,0052942
1580   0,0052825
1581   0,0081475
1582   0,0056305
1583   0,0053712
1584   0,0053167
1585   0,005298
1586   0,0083644
 
Proj. - Overstep
1587   0,0052708
1588   0,005271
1589   0,0052714
1590   0,0052719
1591   0,0052725
1592   0,005273
1593   0,0052736
1594   0,0052742
1595   0,0052747
1596   0,0052752
 
IntenGate
1597   0,0081414
1598   0,0057291
1599   0,006051
1600   0,0088265
1601   0,0059825
1602   0,006215
1603   0,0090647
1604   0,0060632
1605   0,006238
1606   0,0091408
 
Expo
1607   0,0084218
1608   0,0093591
1609   0,0099422
1610   0,010916
1611   0,011734
1612   0,013174
1613   0,014686
1614   0,014793
1615   0,017613
1616   0,02012
 
Projections
1617   0,011874
1618   0,0090163
1619   0,0080035
1620   0,0074123
1621   0,0070112
1622   0,0067269
1623   0,0065176
1624   0,0063583
1625   0,0062345
1626   0,0061361
1627   0,0060564
1628   0,0059903
1629   0,0059343
1630   0,0058862
1631   0,0058441
1632   0,005807
1633   0,0057739
1634   0,0057442
1635   0,0057173
1636   0,005693
1637   0,0056709
1638   0,0056506
1639   0,0056321
1640   0,0056152
1641   0,0055996
1642   0,0055852
1643   0,005572
1644   0,0055598
1645   0,0055486
1646   0,0055381
1647   0,0055285
1648   0,0055196
1649   0,0055113
1650   0,0055036
1651   0,0054964
1652   0,0054898
1653   0,0054835
1654   0,0054777
1655   0,0054723
1656   0,0054672
1657   0,0054624
1658   0,0054579
1659   0,0054537
1660   0,0054497
1661   0,0054459
1662   0,0054423
1663   0,0054389
1664   0,0054357
1665   0,0054327
1666   0,0054298
1667   0,0054271
 
Projections
1668   0,012784
1669   0,0079441
1670   0,0063177
1671   0,0058113
1672   0,0056158
1673   0,0055087
1674   0,0054404
1675   0,0053942
1676   0,0053624
1677   0,0053403
1678   0,0053246
1679   0,0053133
1680   0,0053049
1681   0,0052987
1682   0,005294
1683   0,0052904
1684   0,0052876
1685   0,0052854
1686   0,0052837
1687   0,0052824
1688   0,0052813
 
Basic
1689   0,0081414
1690   0,0093762
1691   0,010074
1692   0,010853
1693   0,011723
1694   0,012688
1695   0,013923
1696   0,015442
1697   0,017416
1698   0,019655
 
Projections
1699   0,0052709
1700   0,005271
1701   0,0052712
1702   0,0052714
1703   0,0077263
1704   0,0055411
1705   0,0053321
1706   0,0052938
1707   0,0052824
1708   0,0081405
 
Proj. - Overstep
1709   0,005271
1710   0,0052714
1711   0,0052719
1712   0,0052725
1713   0,005273
1714   0,0052736
1715   0,0052742
1716   0,0052747
1717   0,0052752
1718   0,0052758
 
IntenGate
1719   0,0081414
1720   0,0057291
1721   0,006051
1722   0,0088265
1723   0,0059825
1724   0,006215
1725   0,0090647
1726   0,0060632
1727   0,006238
1728   0,0091408
 
Expo
1729   0,0084218
1730   0,0093591
1731   0,0099422
1732   0,010916
1733   0,011734
1734   0,013174
1735   0,014686
1736   0,014793
1737   0,017613
1738   0,02012
 
Projections
1739   0,011874
1740   0,0090163
1741   0,0080035
1742   0,0074123
1743   0,0070112
1744   0,0067269
1745   0,0065176
1746   0,0063583
1747   0,0062345
1748   0,0061361
1749   0,0060564
1750   0,0059903
1751   0,0059343
1752   0,0058862
1753   0,0058441
1754   0,005807
1755   0,0057739
1756   0,0057442
1757   0,0057173
1758   0,005693
1759   0,0056709
1760   0,0056506
1761   0,0056321
1762   0,0056152
1763   0,0055996
1764   0,0055852
1765   0,005572
1766   0,0055598
1767   0,0055486
1768   0,0055381
1769   0,0055285
1770   0,0055196
1771   0,0055113
1772   0,0055036
1773   0,0054964
1774   0,0054898
1775   0,0054835
1776   0,0054777
1777   0,0054723
1778   0,0054672
1779   0,0054624
1780   0,0054579
1781   0,0054537
1782   0,0054497
1783   0,0054459
1784   0,0054423
1785   0,0054389
1786   0,0054357
1787   0,0054327
1788   0,0054298
1789   0,0054271
 
Projections
1790   0,013195
1791   0,0079658
1792   0,0062482
1793   0,0056682
1794   0,005484
1795   0,0053973
1796   0,0053508
1797   0,0053248
1798   0,0053095
1799   0,0053003
1800   0,0052947
1801   0,0052912
1802   0,005289
1803   0,0052876
1804   0,0052866
1805   0,0052859
1806   0,0052854
 
Basic
1807   0,0081414
1808   0,0093762
1809   0,010074
1810   0,010853
1811   0,011723
1812   0,012688
1813   0,013923
1814   0,015442
1815   0,017416
1816   0,019655
 
Projections
1817   0,0052709
1818   0,005271
1819   0,0052712
1820   0,0052714
1821   0,0077263
1822   0,0055411
1823   0,0053321
1824   0,0052938
1825   0,0052824
1826   0,0081405
 
Proj. - Overstep
1827   0,005271
1828   0,0052714
1829   0,0052719
1830   0,0052725
1831   0,005273
1832   0,0052736
1833   0,0052742
1834   0,0052747
1835   0,0052752
1836   0,0052758
 
IntenGate
1837   0,0081414
1838   0,0057291
1839   0,006051
1840   0,0088265
1841   0,0059825
1842   0,006215
1843   0,0090647
1844   0,0060632
1845   0,006238
1846   0,0091408
 
Expo
1847   0,0084218
1848   0,0093591
1849   0,0099422
1850   0,010916
1851   0,011734
1852   0,013174
1853   0,014686
1854   0,014793
1855   0,017613
1856   0,02012
 
Projections
1857   0,011874
1858   0,0090163
1859   0,0080035
1860   0,0074123
1861   0,0070112
1862   0,0067269
1863   0,0065176
1864   0,0063583
1865   0,0062345
1866   0,0061361
1867   0,0060564
1868   0,0059903
1869   0,0059343
1870   0,0058862
1871   0,0058441
1872   0,005807
1873   0,0057739
1874   0,0057442
1875   0,0057173
1876   0,005693
1877   0,0056709
1878   0,0056506
1879   0,0056321
1880   0,0056152
1881   0,0055996
1882   0,0055852
1883   0,005572
1884   0,0055598
1885   0,0055486
1886   0,0055381
1887   0,0055285
1888   0,0055196
1889   0,0055113
1890   0,0055036
1891   0,0054964
1892   0,0054898
1893   0,0054835
1894   0,0054777
1895   0,0054723
1896   0,0054672
1897   0,0054624
1898   0,0054579
1899   0,0054537
1900   0,0054497
1901   0,0054459
1902   0,0054423
1903   0,0054389
1904   0,0054357
1905   0,0054327
1906   0,0054298
1907   0,0054271
 
Projections
1908   0,01183
1909   0,0074265
1910   0,0061037
1911   0,0056125
1912   0,0054465
1913   0,0053725
1914   0,0053325
1915   0,0053097
1916   0,0052963
1917   0,0052879
1918   0,0052827
1919   0,0052792
1920   0,0052771
1921   0,0052758
1922   0,005275
1923   0,0052745
1924   0,0052744
 
Basic
1925   0,0081414
1926   0,0093762
1927   0,010074
1928   0,010853
1929   0,011723
1930   0,012688
1931   0,013923
1932   0,015442
1933   0,017416
1934   0,019655
 
Projections
1935   0,0052709
1936   0,005271
1937   0,0052712
1938   0,0052714
1939   0,0077263
1940   0,0055411
1941   0,0053321
1942   0,0052938
1943   0,0052824
1944   0,0081405
 
Proj. - Overstep
1945   0,005271
1946   0,0052714
1947   0,0052719
1948   0,0052725
1949   0,005273
1950   0,0052736
1951   0,0052742
1952   0,0052747
1953   0,0052752
1954   0,0052758
 
IntenGate
1955   0,0081414
1956   0,0057291
1957   0,006051
1958   0,0088265
1959   0,0059825
1960   0,006215
1961   0,0090647
1962   0,0060632
1963   0,006238
1964   0,0091408
 
Expo
1965   0,0084218
1966   0,0093591
1967   0,0099422
1968   0,010916
1969   0,011734
1970   0,013174
1971   0,014686
1972   0,014793
1973   0,017613
1974   0,02012
 
Projections
1975   0,011874
1976   0,0090163
1977   0,0080035
1978   0,0074123
1979   0,0070112
1980   0,0067269
1981   0,0065176
1982   0,0063583
1983   0,0062345
1984   0,0061361
1985   0,0060564
1986   0,0059903
1987   0,0059343
1988   0,0058862
1989   0,0058441
1990   0,005807
1991   0,0057739
1992   0,0057442
1993   0,0057173
1994   0,005693
1995   0,0056709
1996   0,0056506
1997   0,0056321
1998   0,0056152
1999   0,0055996
2000   0,0055852
2001   0,005572
2002   0,0055598
2003   0,0055486
2004   0,0055381
2005   0,0055285
2006   0,0055196
2007   0,0055113
2008   0,0055036
2009   0,0054964
2010   0,0054898
2011   0,0054835
2012   0,0054777
2013   0,0054723
2014   0,0054672
2015   0,0054624
2016   0,0054579
2017   0,0054537
2018   0,0054497
2019   0,0054459
2020   0,0054423
2021   0,0054389
2022   0,0054357
2023   0,0054327
2024   0,0054298
2025   0,0054271
 
Projections
2026   0,011852
2027   0,0071942
2028   0,0059508
2029   0,0056149
2030   0,0054734
2031   0,005397
2032   0,0053549
2033   0,0053314
2034   0,0053183
2035   0,0053107
2036   0,005306
2037   0,005303
2038   0,005301
2039   0,0052996
2040   0,0052986
2041   0,0052978
2042   0,0052972
 
Basic
2043   0,0081414
2044   0,0093762
2045   0,010074
2046   0,010853
2047   0,011723
2048   0,012688
2049   0,013923
2050   0,015442
2051   0,017416
2052   0,019655
 
Projections
2053   0,0052709
2054   0,005271
2055   0,0052712
2056   0,0052714
2057   0,0077263
2058   0,0055411
2059   0,0053321
2060   0,0052938
2061   0,0052824
2062   0,0081405
 
Proj. - Overstep
2063   0,005271
2064   0,0052714
2065   0,0052719
2066   0,0052725
2067   0,005273
2068   0,0052736
2069   0,0052742
2070   0,0052747
2071   0,0052752
2072   0,0052758
 
IntenGate
2073   0,0081414
2074   0,0057291
2075   0,006051
2076   0,0088265
2077   0,0059825
2078   0,006215
2079   0,0090647
2080   0,0060632
2081   0,006238
2082   0,0091408
 
Expo
2083   0,0084218
2084   0,0093591
2085   0,0099422
2086   0,010916
2087   0,011734
2088   0,013174
2089   0,014686
2090   0,014793
2091   0,017613
2092   0,02012
 
Projections
2093   0,011874
2094   0,0090163
2095   0,0080035
2096   0,0074123
2097   0,0070112
2098   0,0067269
2099   0,0065176
2100   0,0063583
2101   0,0062345
2102   0,0061361
2103   0,0060564
2104   0,0059903
2105   0,0059343
2106   0,0058862
2107   0,0058441
2108   0,005807
2109   0,0057739
2110   0,0057442
2111   0,0057173
2112   0,005693
2113   0,0056709
2114   0,0056506
2115   0,0056321
2116   0,0056152
2117   0,0055996
2118   0,0055852
2119   0,005572
2120   0,0055598
2121   0,0055486
2122   0,0055381
2123   0,0055285
2124   0,0055196
2125   0,0055113
2126   0,0055036
2127   0,0054964
2128   0,0054898
2129   0,0054835
2130   0,0054777
2131   0,0054723
2132   0,0054672
2133   0,0054624
2134   0,0054579
2135   0,0054537
2136   0,0054497
2137   0,0054459
2138   0,0054423
2139   0,0054389
2140   0,0054357
2141   0,0054327
2142   0,0054298
2143   0,0054271
 
Projections
2144   0,012479
2145   0,0071774
2146   0,0056534
2147   0,0053693
2148   0,0053027
2149   0,0052801
2150   0,0052722
2151   0,0052703
2152   0,0052705
2153   0,0052716
2154   0,0052728
2155   0,005274
2156   0,0052751
2157   0,005276
2158   0,0052768
2159   0,0052775
2160   0,0052782
 
Basic
2161   0,0082684
2162   0,0092841
2163   0,0099608
2164   0,010653
2165   0,011316
2166   0,011732
2167   0,011954
2168   0,012003
2169   0,011983
2170   0,01186
 
Projections
2171   0,0052705
2172   0,0052716
2173   0,0052728
2174   0,005274
2175   0,0078628
2176   0,0055699
2177   0,0053419
2178   0,0053024
2179   0,0052909
2180   0,0080652
 
Proj. - Overstep
2181   0,0052728
2182   0,005275
2183   0,005277
2184   0,0052783
2185   0,0052793
2186   0,0052801
2187   0,0052808
2188   0,0052813
2189   0,0052818
2190   0,0052822
 
IntenGate
2191   0,0082684
2192   0,0057286
2193   0,0059481
2194   0,0086677
2195   0,0059882
2196   0,006114
2197   0,0088065
2198   0,0061072
2199   0,0061722
2200   0,0088748
 
Expo
2201   0,0085701
2202   0,0092036
2203   0,0098048
2204   0,010305
2205   0,01083
2206   0,011201
2207   0,011004
2208   0,011843
2209   0,010362
2210   0,016996
 
Projections
2211   0,0091356
2212   0,0069982
2213   0,0064128
2214   0,0060918
2215   0,0058705
2216   0,0057093
2217   0,0055904
2218   0,0055036
2219   0,0054408
2220   0,0053936
2221   0,0053593
2222   0,0053355
2223   0,0053187
2224   0,0053069
2225   0,0052984
2226   0,0052923
2227   0,0052879
2228   0,0052846
2229   0,0052822
2230   0,0052803
2231   0,0052788
2232   0,0052776
2233   0,0052766
 
Projections
2234   0,011164
2235   0,0069312
2236   0,0057932
2237   0,0054678
2238   0,0053625
2239   0,0053157
2240   0,0052951
2241   0,0052844
2242   0,0052788
2243   0,0052757
2244   0,005274
2245   0,0052732
2246   0,0052728
2247   0,0052727
2248   0,0052728
 
Basic
2249   0,0082684
2250   0,0092841
2251   0,0099608
2252   0,010653
2253   0,011316
2254   0,011732
2255   0,011954
2256   0,012003
2257   0,011983
2258   0,01186
 
Projections
2259   0,0052705
2260   0,0052716
2261   0,0052728
2262   0,005274
2263   0,0078628
2264   0,0055699
2265   0,0053419
2266   0,0053024
2267   0,0052909
2268   0,0080652
 
Proj. - Overstep
2269   0,0052728
2270   0,005275
2271   0,005277
2272   0,0052783
2273   0,0052793
2274   0,0052801
2275   0,0052808
2276   0,0052813
2277   0,0052818
2278   0,0052822
 
IntenGate
2279   0,0082684
2280   0,0057286
2281   0,0059481
2282   0,0086677
2283   0,0059882
2284   0,006114
2285   0,0088065
2286   0,0061072
2287   0,0061722
2288   0,0088748
 
Expo
2289   0,0085701
2290   0,0092036
2291   0,0098048
2292   0,010305
2293   0,01083
2294   0,011201
2295   0,011004
2296   0,011843
2297   0,010362
2298   0,016996
 
Projections
2299   0,0091356
2300   0,0069982
2301   0,0064128
2302   0,0060918
2303   0,0058705
2304   0,0057093
2305   0,0055904
2306   0,0055036
2307   0,0054408
2308   0,0053936
2309   0,0053593
2310   0,0053355
2311   0,0053187
2312   0,0053069
2313   0,0052984
2314   0,0052923
2315   0,0052879
2316   0,0052846
2317   0,0052822
2318   0,0052803
2319   0,0052788
2320   0,0052776
2321   0,0052766
 
Projections
2322   0,010612
2323   0,0066635
2324   0,0058016
2325   0,0055791
2326   0,0054989
2327   0,0054547
2328   0,0054265
2329   0,0054066
2330   0,0053916
2331   0,0053797
2332   0,0053698
2333   0,0053613
2334   0,0053541
2335   0,0053479
2336   0,0053428
2337   0,0053384
2338   0,0053346
2339   0,0053313
2340   0,0053284
2341   0,0053259
2342   0,0053236
2343   0,0053216
 
Basic
2344   0,0082684
2345   0,0092841
2346   0,0099608
2347   0,010653
2348   0,011316
2349   0,011732
2350   0,011954
2351   0,012003
2352   0,011983
2353   0,01186
 
Projections
2354   0,0052705
2355   0,0052716
2356   0,0052728
2357   0,005274
2358   0,0078628
2359   0,0055699
2360   0,0053419
2361   0,0053024
2362   0,0052909
2363   0,0080652
 
Proj. - Overstep
2364   0,0052728
2365   0,005275
2366   0,005277
2367   0,0052783
2368   0,0052793
2369   0,0052801
2370   0,0052808
2371   0,0052813
2372   0,0052818
2373   0,0052822
 
IntenGate
2374   0,0082684
2375   0,0057286
2376   0,0059481
2377   0,0086677
2378   0,0059882
2379   0,006114
2380   0,0088065
2381   0,0061072
2382   0,0061722
2383   0,0088748
 
Expo
2384   0,0085701
2385   0,0092036
2386   0,0098048
2387   0,010305
2388   0,01083
2389   0,011201
2390   0,011004
2391   0,011843
2392   0,010362
2393   0,016996
 
Projections
2394   0,0091356
2395   0,0069982
2396   0,0064128
2397   0,0060918
2398   0,0058705
2399   0,0057093
2400   0,0055904
2401   0,0055036
2402   0,0054408
2403   0,0053936
2404   0,0053593
2405   0,0053355
2406   0,0053187
2407   0,0053069
2408   0,0052984
2409   0,0052923
2410   0,0052879
2411   0,0052846
 
 
The minimum FROG error was 0,0052703
 
**************** Retrieved Field ******************
Temporal FWHM: 96,858 fs.
Spectral FWHM: 89,25 nm.
Autocorrelation FWHM: 118,12 fs.
Time-Bandwidth Product - FWHM: 2,5969
Time-Bandwidth Product - RMS: 6,0099
Time-Bandwidth Product - Temporal Laplacian: 1,4606
Time-Bandwidth Product - Spectral Laplacian: 0,84003
