1970,118  5,906598E-9  0  2,829113E-5  -0,0001460258
1962,924  6,199807E-9  0  -3,048898E-5  0,0001487391
1955,783  6,546068E-9  0  3,25454E-5  -0,0001520014
1948,694  6,849136E-9  0  -3,440669E-5  0,0001546466
1941,656  7,194305E-9  0  3,617931E-5  -0,0001576873
1934,668  7,504303E-9  0  -3,780541E-5  0,0001602393
1927,731  7,838866E-9  0  3,936666E-5  -0,0001629783
1920,843  8,143123E-9  0  -4,074619E-5  0,0001653306
1914,004  8,471904E-9  0  4,22397E-5  -0,0001678289
1907,214  8,767082E-9  0  -4,343139E-5  0,000169966
1900,472  9,090041E-9  0  4,47996E-5  -0,0001722678
1893,777  9,374924E-9  0  -4,578786E-5  0,000174212
1887,129  9,688708E-9  0  4,706616E-5  -0,0001763012
1880,528  9,961402E-9  0  -4,795925E-5  0,0001780319
1873,973  1,026686E-8  0  4,90274E-5  -0,0001799731
1867,463  1,052528E-8  0  -4,985644E-5  0,0001814848
1860,999  1,081834E-8  0  5,084664E-5  -0,0001832258
1854,579  1,106635E-8  0  -5,163539E-5  0,0001845671
1848,203  1,133327E-8  0  5,262575E-5  -0,0001859825
1841,871  1,157538E-8  0  -5,328053E-5  0,0001872358
1835,582  1,181087E-8  0  5,408802E-5  -0,0001883558
1829,336  1,204256E-8  0  -5,463968E-5  0,0001894868
1823,132  1,224408E-8  0  5,542372E-5  -0,0001902682
1816,971  1,24651E-8  0  -5,571846E-5  0,0001913332
1810,85  1,263414E-8  0  5,642803E-5  -0,0001918245
1804,771  1,282805E-8  0  -5,65774E-5  0,0001926689
1798,733  1,295906E-8  0  5,72074E-5  -0,0001928453
1792,734  1,313432E-8  0  -5,734527E-5  0,000193514
1786,776  1,323143E-8  0  5,784178E-5  -0,0001934407
1780,857  1,337051E-8  0  -5,783084E-5  0,0001938469
1774,977  1,342448E-8  0  5,825429E-5  -0,0001934471
1769,136  1,353699E-8  0  -5,835886E-5  0,0001936007
1763,333  1,351875E-8  0  5,847761E-5  -0,0001927299
1757,569  1,36195E-8  0  -5,875605E-5  0,0001927375
1751,841  1,350104E-8  0  5,849253E-5  -0,0001912162
1746,151  1,36107E-8  0  -5,901373E-5  0,0001912217
1740,498  1,339845E-8  0  5,859846E-5  -0,0001890375
1734,881  1,352491E-8  0  -5,943693E-5  0,0001890797
1729,301  1,320794E-8  0  5,87595E-5  -0,0001861831
1723,756  1,334256E-8  0  -5,98308E-5  0,0001862231
1718,246  1,295527E-8  0  5,897351E-5  -0,0001828477
1712,772  1,309289E-8  0  -6,066799E-5  0,0001827166
1707,333  1,262495E-8  0  5,937153E-5  -0,0001788563
1701,928  1,277531E-8  0  -6,193288E-5  0,0001785348
1696,557  1,21974E-8  0  6,003405E-5  -0,000174
1691,22  1,239958E-8  0  -6,315649E-5  0,0001738867
1685,916  1,174401E-8  0  6,128855E-5  -0,0001686906
1680,645  1,200151E-8  0  -6,49064E-5  0,0001688217
1675,408  1,129088E-8  0  6,297617E-5  -0,0001631535
1670,203  1,158672E-8  0  -6,694059E-5  0,000163434
1665,03  1,085465E-8  0  6,511741E-5  -0,0001574801
1659,889  1,117307E-8  0  -6,935658E-5  0,0001577894
1654,78  1,048106E-8  0  6,795536E-5  -0,0001519165
1649,702  1,077373E-8  0  -7,198575E-5  0,0001520314
1644,655  1,012655E-8  0  7,109583E-5  -0,0001462145
1639,639  1,039817E-8  0  -7,47378E-5  0,0001462575
1634,653  9,870294E-9  0  7,500871E-5  -0,0001408037
1629,698  1,013886E-8  0  -7,774695E-5  0,000141215
1624,772  9,631546E-9  0  7,872951E-5  -0,0001354203
1619,877  9,934735E-9  0  -8,111019E-5  0,000136302
1615,01  9,499801E-9  0  8,26942E-5  -0,0001306641
1610,173  9,843264E-9  0  -8,501095E-5  0,0001319124
1605,365  9,386049E-9  0  8,591252E-5  -0,000126344
1600,585  9,791641E-9  0  -8,836557E-5  0,0001280595
1595,834  9,314798E-9  0  8,941179E-5  -0,0001220567
1591,111  9,767964E-9  0  -9,157603E-5  0,0001244104
1586,416  9,403118E-9  0  9,225536E-5  -0,0001196927
1581,748  9,708175E-9  0  -9,406177E-5  0,0001207978
1577,108  9,480666E-9  0  9,515307E-5  -0,0001170565
1572,495  9,726083E-9  0  -9,636313E-5  0,0001179965
1567,909  9,584302E-9  0  9,703867E-5  -0,0001154165
1563,349  9,732185E-9  0  -9,808592E-5  0,0001154703
1558,816  9,651927E-9  0  9,802625E-5  -0,0001141226
1554,309  9,742809E-9  0  -9,908574E-5  0,000113562
1549,828  9,641024E-9  0  9,827837E-5  -0,0001126453
1545,373  9,738465E-9  0  -9,98513E-5  0,0001116852
1540,944  9,569971E-9  0  9,678646E-5  -0,0001120789
1536,539  9,820274E-9  0  -0,0001003007  0,0001109693
1532,16  9,221187E-9  0  9,395689E-5  -0,000109827
1527,806  9,978381E-9  0  -0,0001009582  0,0001108349
1523,477  8,986243E-9  0  9,152044E-5  -0,0001084044
1519,171  9,723262E-9  0  -9,664539E-5  0,0001109732
1514,891  8,822512E-9  0  9,158648E-5  -0,0001055964
1510,634  9,312245E-9  0  -9,081124E-5  0,0001107287
1506,401  8,844405E-9  0  9,100818E-5  -0,0001052889
1502,192  8,709082E-9  0  -8,467198E-5  0,0001086099
1498,006  8,508972E-9  0  8,806243E-5  -0,0001033033
1493,843  8,632732E-9  0  -8,127042E-5  0,0001094803
1489,704  7,807079E-9  0  8,129904E-5  -0,0001005494
1485,587  8,443666E-9  0  -7,990346E-5  0,0001076971
1481,493  7,356362E-9  0  7,353172E-5  -0,000100868
1477,422  7,984859E-9  0  -7,84738E-5  0,0001032545
1473,373  7,208021E-9  0  6,301548E-5  -0,0001054951
1469,346  6,890616E-9  0  -7,683098E-5  9,194254E-5
1465,341  8,040641E-9  0  5,759053E-5  -0,0001155189
1461,358  5,042967E-9  0  -6,767047E-5  7,624745E-5
1457,396  9,937699E-9  0  5,517683E-5  -0,0001316247
1453,456  2,950758E-9  0  -5,784684E-5  5,16655E-5
1449,537  1,303702E-8  0  6,018884E-5  -0,000151037
1445,639  1,27059E-9  0  -3,614818E-5  3,543752E-5
1441,762  1,53665E-8  0  7,387017E-5  -0,0001592738
1437,906  2,57895E-10  0  -9,060036E-6  2,079628E-5
1434,07  2,015146E-8  0  9,508993E-5  -0,0001759296
1430,255  4,955243E-10  0  3,118081E-5  2,442811E-6
1426,46  2,610133E-8  0  0,0001252419  -0,0001885943
1422,685  3,368017E-9  0  7,886733E-5  -1,893468E-5
1418,93  3,57477E-8  0  0,0001697071  -0,0002016323
1415,194  9,664371E-9  0  0,0001334318  -2,957428E-5
1411,479  4,605246E-8  0  0,0002161389  -0,0002045103
1407,783  2,051431E-8  0  0,0001957592  -3,021379E-5
1404,106  5,975685E-8  0  0,0002752998  -0,000194683
1400,448  3,720209E-8  0  0,0002648792  -1,581916E-5
1396,809  7,37755E-8  0  0,0003299934  -0,0001732405
1393,19  5,664674E-8  0  0,0003256718  6,548614E-6
1389,589  8,631466E-8  0  0,0003711137  -0,0001520389
1386,006  7,611388E-8  0  0,0003755095  9,748174E-6
1382,442  1,012617E-7  0  0,0004072448  -0,0001446018
1378,896  8,471838E-8  0  0,0003942337  5,135326E-6
1375,368  1,035413E-7  0  0,0004044352  -0,0001595157
1371,859  8,319502E-8  0  0,000388398  -1,562625E-5
1368,367  1,030127E-7  0  0,0003915452  -0,000181193
1364,893  8,383852E-8  0  0,0003869387  -3,165391E-5
1361,436  9,793251E-8  0  0,0003762742  -0,0001832719
1357,997  7,890078E-8  0  0,0003733866  -3,161295E-5
1354,575  8,52945E-8  0  0,0003513032  -0,0001661856
1351,171  6,394897E-8  0  0,0003356426  -3,23599E-6
1347,784  5,683815E-8  0  0,000291461  -0,0001211918
1344,413  4,051092E-8  0  0,0002620395  4,467641E-5
1341,059  2,846252E-8  0  0,0002108485  -7,029196E-5
1337,722  2,483935E-8  0  0,0001841349  9,481513E-5
1334,402  1,08677E-8  0  0,0001366549  -1,862605E-7
1331,098  2,902668E-8  0  0,0001035334  0,0001972622
1327,81  1,020341E-8  0  5,381686E-5  0,0001202666
1324,539  6,830681E-8  0  4,459579E-5  0,0003371321
1321,283  4,855635E-8  0  -3,992044E-6  0,0002859874
1318,044  1,239007E-7  0  -2,482805E-5  0,0004550841
1314,82  7,167542E-8  0  -3,001157E-5  0,0003444926
1311,613  1,496705E-7  0  -3,260735E-5  0,000497408
1308,42  7,608948E-8  0  -3,626709E-5  0,0003526921
1305,244  1,435415E-7  0  -1,235489E-5  0,0004856351
1302,082  8,646215E-8  0  1,981577E-5  0,0003755935
1298,936  1,992998E-7  0  5,464162E-5  0,0005670278
1295,805  1,587391E-7  0  9,184279E-5  0,000498783
1292,69  3,279099E-7  0  0,0001119828  0,0007185054
1289,589  2,985845E-7  0  0,0001386632  0,0006782073
1286,503  5,30643E-7  0  0,0001382802  0,0009101793
1283,431  4,492101E-7  0  0,0002112299  0,0008181948
1280,375  6,197879E-7  0  0,0003025189  0,0009428705
1277,332  3,906842E-7  0  0,0004288476  0,000656681
1274,305  3,793997E-7  0  0,0005419067  0,0005485263
1271,291  4,449188E-7  0  0,0007975261  0,0002405724
1268,292  6,192826E-7  0  0,0008926639  0,0004055502
1265,307  5,135474E-7  0  0,0008748412  0,0001676022
1262,336  3,880155E-7  0  0,0007675951  8,645689E-5
1259,379  3,604056E-7  0  0,0007124712  -0,0002097875
1256,436  1,564452E-7  0  0,0004881824  3,215747E-6
1253,506  1,024127E-7  0  0,0003940524  -3,744088E-6
1250,59  1,490662E-7  0  0,0003932439  0,000265221
1247,688  3,85623E-7  0  0,0007276692  0,0002231876
1244,799  7,19379E-7  0  0,0007709468  0,0006937966
1241,923  6,416739E-7  0  0,0007343232  0,0006448711
1239,061  8,201034E-7  0  0,0007194547  0,0008351256
1236,211  4,956115E-7  0  0,000610447  0,0005985566
1233,375  3,466228E-7  0  0,0001541694  0,0006964766
1230,552  1,165791E-7  0  -0,0002656451  0,0003158958
1227,742  2,128119E-7  0  -0,0005409973  0,0001299454
1224,944  4,828476E-7  0  -0,0007833709  -0,0002924047
1222,16  6,908842E-7  0  -0,0009619404  -0,0002655895
1219,387  5,687353E-7  0  -0,0008964987  -0,0001112314
1216,628  6,724216E-7  0  -0,0009197909  -0,0003383564
1213,881  7,675817E-7  0  -0,0001453843  -0,001034576
1211,146  7,150075E-7  0  -0,0002174248  -0,0009822802
1208,424  1,451611E-6  0  -0,0002813826  -0,001402306
1205,713  1,970726E-7  0  -0,000289132  -0,0004391776
1203,015  1,251891E-6  0  0,0003219339  0,001282494
1200,329  9,768933E-6  0  0,0004011431  0,003663585
1197,655  1,129112E-5  0  0,0008124878  0,003869008
1194,993  2,045869E-5  0  0,002437864  0,004717024
1192,343  3,199386E-5  0  0,002987726  0,005913366
1189,704  3,328282E-5  0  0,003808699  0,005563699
1187,077  4,078134E-5  0  0,006403607  0,003801479
1184,462  4,889797E-5  0  0,008047136  0,001202459
1181,858  5,349883E-5  0  0,008013529  -0,002810088
1179,265  4,40205E-5  0  0,005300373  -0,00556624
1176,684  3,301679E-5  0  0,001830275  -0,006384824
1174,114  1,182432E-5  0  -0,0008294339  -0,003878446
1171,555  2,30451E-6  0  -0,001736827  0,000189355
1169,008  1,908322E-5  0  -0,0007565132  0,004959277
1166,471  5,607924E-5  0  0,002001593  0,008344443
1163,946  0,0001008534  15,2752  0,006311286  0,009592844
1161,431  0,000145265  14,88771  0,01133867  0,007780318
1158,928  0,0002105708  14,32192  0,01651013  0,0005879326
1156,435  0,0005029443  13,82679  0,02283417  -0,01129988
1153,952  0,001005181  13,40234  0,02278878  -0,0277915
1151,481  0,00219163  13,0238  0,01606722  -0,05045911
1149,02  0,003788265  12,71404  -0,0001031589  -0,0694732
1146,569  0,005704336  12,3578  -0,02978667  -0,07968403
1144,129  0,008401615  11,97409  -0,06957536  -0,07597785
1141,699  0,01230801  11,622  -0,1105228  -0,0571566
1139,28  0,01733958  11,29166  -0,1457858  -0,02157525
1136,87  0,02416197  10,98763  -0,171461  0,02716144
1134,471  0,03171018  10,69601  -0,178809  0,08609254
1132,082  0,04062778  10,39329  -0,1637954  0,1530331
1129,703  0,05220241  10,10841  -0,1291593  0,2181978
1127,334  0,0639164  9,834543  -0,07214205  0,2705274
1124,975  0,07693491  9,560113  0,004237122  0,3065021
1122,626  0,09324034  9,291782  0,09375953  0,323434
1120,287  0,1135547  9,033128  0,1909259  0,3179298
1117,957  0,1359983  8,765193  0,2929899  0,2796199
1115,637  0,1629473  8,486729  0,3916723  0,2056988
1113,327  0,1956179  8,20958  0,4734524  0,09915224
1111,026  0,2316051  7,938407  0,5241528  -0,03397704
1108,735  0,2695224  7,663444  0,5331392  -0,1884086
1106,453  0,3128626  7,392328  0,4980359  -0,3486888
1104,18  0,3557502  7,134153  0,4176827  -0,4940734
1101,917  0,3916885  6,879258  0,292792  -0,6109314
1099,663  0,4187639  6,639822  0,1440015  -0,6840675
1097,418  0,4229635  6,413789  -0,0130082  -0,7010016
1095,182  0,4267154  6,203144  -0,1596726  -0,6844115
1092,956  0,4111682  6,039696  -0,2634314  -0,6360736
1090,738  0,3569378  5,884427  -0,3334643  -0,5464464
1088,53  0,3025413  5,729101  -0,3803659  -0,4486265
1086,33  0,2419273  5,592545  -0,3907907  -0,3504283
1084,14  0,1869813  5,432574  -0,3874622  -0,2489128
1081,958  0,1418045  5,257081  -0,3693421  -0,1542145
1079,785  0,1052638  4,972831  -0,3420205  -0,03821914
1077,62  0,09373265  4,649617  -0,3168505  0,06817371
1075,464  0,07838416  4,263295  -0,2444159  0,1665873
1073,317  0,1017085  3,807133  -0,1660247  0,2924166
1071,179  0,1352102  3,54638  -0,09783779  0,3743602
1069,048  0,1652434  3,228567  0,02652922  0,4260783
1066,927  0,2362203  2,979231  0,1561356  0,484887
1064,814  0,3012827  2,820086  0,2603682  0,5117275
1062,709  0,3407969  2,730153  0,3240355  0,5161592
1060,612  0,28791  2,633177  0,3416942  0,4424799
1058,524  0,2647754  2,320062  0,4415788  0,3021702
1056,444  0,3826713  2,123223  0,5904934  0,2519346
1054,372  0,3899537  2,085047  0,6041705  0,2309309
1052,308  0,3468748  1,930263  0,5954199  0,1271017
1050,252  0,3345359  1,927187  0,5839721  0,1227807
1048,204  0,1272245  1,856554  0,3638622  0,0500149
1046,165  0,1974248  0,9179993  0,317501  -0,3281927
1044,133  0,6557985  1,033766  0,6426361  -0,5262851
1042,109  0,8215906  1,310464  0,851204  -0,3694439
1040,092  0,6320609  1,571943  0,8034281  -0,1197929
1038,084  0,2339988  1,768201  0,4927242  0,02379069
1036,083  0,1002013  0,9563861  0,2327358  -0,2227901
1034,091  0,3188375  0,7771406  0,337001  -0,4641701
1032,105  0,4170467  0,6578342  0,3188854  -0,5718666
1030,128  0,8537649  0,5717393  0,383475  -0,852788
1028,157  0,9802579  0,8732687  0,6624695  -0,7490889
1026,195  0,4391716  1,007314  0,5054816  -0,436802
1024,24  0,3096644  0,6330169  0,2604688  -0,495635
1022,292  0,3723009  0,4177992  0,1626404  -0,5907842
1020,352  0,5651571  0,1605243  0,008564719  -0,7534885
1018,419  0,7749254  0,1827904  0,02961436  -0,880199
1016,493  0,651312  0,1178569  -0,02522076  -0,8054831
1014,575  0,7700905  0,04030442  -0,09501892  -0,869455
1012,664  0,6789268  0,2056674  0,04629525  -0,8183765
1010,76  0,4228066  0,1348419  -0,009242744  -0,6455718
1008,863  0,5141705  0  -0,1056066  -0,7027597
1006,973  0,5703278  0,08305585  -0,04934578  -0,7454197
1005,091  0,6150677  0,06263888  -0,0669125  -0,7714528
1003,215  0,7605351  0,1192992  -0,02565855  -0,8590733
1001,346  0,7336734  0,2013501  0,04395547  -0,8414226
999,4848  0,7020706  0,1966337  0,03904309  -0,8217641
997,63  0,6662146  0,243003  0,07495832  -0,7964006
995,7822  0,5575922  0,2539948  0,07643823  -0,7264435
993,9411  0,5480992  0,2416039  0,06673123  -0,7197837
992,1069  0,5289735  0,3303389  0,127726  -0,6972332
990,2794  0,4513866  0,4043427  0,1649806  -0,63242
988,4586  0,4166726  0,4807726  0,204066  -0,5926468
986,6445  0,390071  0,6312614  0,2806643  -0,5363485
984,837  0,3657211  0,7786395  0,3444471  -0,4729332
983,0362  0,3853282  0,9139676  0,415061  -0,4325139
981,2419  0,4268158  1,048507  0,4930434  -0,3917784
979,4542  0,4787381  1,152298  0,5613257  -0,3579392
977,673  0,5597446  1,230369  0,634143  -0,3379069
975,8982  0,652946  1,291424  0,7046169  -0,3218995
974,1299  0,7485441  1,341965  0,7694891  -0,305551
972,368  0,8388287  1,38929  0,8274639  -0,2840416
970,6124  0,9145977  1,438949  0,8761  -0,2528806
968,8632  0,9772727  1,501491  0,9185301  -0,2039199
967,1202  1  1,577072  0,9403778  -0,1352848
965,3835  0,9863662  1,66704  0,9405479  -0,04981483
963,6531  0,9482799  1,77569  0,9204162  0,05135278
961,9288  0,8772685  1,89542  0,8714837  0,1545041
960,2107  0,7927847  2,02503  0,8010928  0,2522688
958,4987  0,7077087  2,164239  0,7152164  0,3404613
956,7928  0,6200191  2,304203  0,6173376  0,4082193
955,093  0,5390785  2,44139  0,5172491  0,4549783
953,3992  0,457607  2,584874  0,4109943  0,4821706
951,7114  0,3721653  2,731493  0,3026049  0,4834588
950,0296  0,2981979  2,875946  0,205389  0,4664158
948,3537  0,2355029  3,028193  0,1173445  0,4366104
946,6837  0,1802323  3,196642  0,03710045  0,393066
945,0196  0,1338465  3,371579  -0,02742245  0,3385277
943,3613  0,09755691  3,556658  -0,07606362  0,2792795
941,7088  0,06953791  3,757159  -0,1096989  0,2178919
940,0621  0,04903854  3,969882  -0,1284506  0,1591261
938,4212  0,03449078  4,195145  -0,1345768  0,1058332
936,7859  0,02337773  4,424555  -0,1274834  0,05954897
935,1564  0,0144012  4,669919  -0,1082257  0,02099672
933,5325  0,008753194  4,953616  -0,08543575  -0,007888245
931,9142  0,005669174  5,301364  -0,06236958  -0,02934845
930,3016  0,003898925  5,666809  -0,0395413  -0,04114424
928,6945  0,00275167  6,017403  -0,01929265  -0,04379545
927,093  0,001927924  6,339594  -0,003703639  -0,03981692
925,497  0,001310758  6,63297  0,006559614  -0,03225573
923,9064  0,0007803305  6,92308  0,01194848  -0,02236141
922,3213  0,0004327753  7,264372  0,0139349  -0,01269235
920,7417  0,0002401234  7,737698  0,01352515  -0,003676901
919,1674  0,0001502282  8,357354  0,01038021  0,003838725
917,5986  0,0001451102  9,075082  0,005194939  0,009535236
916,035  0,0001697993  9,490061  0,0009823684  0,01168479
914,4768  0,0002069873  9,777935  -0,002618338  0,01265653
912,9239  0,0002118207  10,05362  -0,006023661  0,01157927
911,3763  0,0002168143  10,27089  -0,008461963  0,01010865
909,8339  0,0002129629  10,44524  -0,009980252  0,008397603
908,2967  0,0001947127  10,65851  -0,01100775  0,005818096
906,7646  0,0001700421  10,93354  -0,01135756  0,002434918
905,2378  0,0001654785  11,11276  -0,01143357  0,0003656382
903,7161  0,0001636635  11,23368  -0,01131248  -0,001008873
902,1994  0,0001468805  11,26688  -0,01066123  -0,001308721
900,6879  0,00011946  11,27174  -0,009592756  -0,001224972
899,1814  0,0001000536  11,27672  -0,008758705  -0,001162817
897,68  7,850463E-5  0  -0,007548415  -0,002017536
896,1835  6,062287E-5  0  -0,006384536  -0,002494786
894,6921  6,506397E-5  0  -0,006378343  -0,003094738
893,2056  7,716267E-5  0  -0,007051855  -0,003111287
891,724  8,501441E-5  0  -0,007679859  -0,002501349
890,2474  8,823682E-5  0  -0,008080383  -0,001480906
888,7756  7,846539E-5  0  -0,007576904  -0,001550648
887,3086  6,659508E-5  0  -0,006782882  -0,002142509
885,8466  7,019164E-5  0  -0,006422845  -0,003449913
884,3893  8,878644E-5  0  -0,006465306  -0,005021466
882,9368  0,0001121306  11,92753  -0,006511371  -0,006477622
881,4891  0,000132245  11,9549  -0,006864911  -0,00721366
880,0461  0,000146373  11,98864  -0,006950732  -0,007815753
878,6078  0,0001431049  12,03681  -0,006482005  -0,008036815
877,1742  0,000136565  12,11887  -0,005658119  -0,008329998
875,7453  0,0001390917  12,20838  -0,004927808  -0,008869035
874,321  0,0001492712  12,32657  -0,003979524  -0,00970986
872,9014  0,0001595082  12,41105  -0,003246733  -0,01033184
871,4864  0,0001716811  12,47791  -0,002640492  -0,01090219
870,0759  0,000178982  12,51826  -0,002241151  -0,01121312
868,67  0,0001818037  12,56958  -0,001673302  -0,01138373
867,2687  0,0001788324  12,60937  -0,001207175  -0,0113291
865,8718  0,0001764265  12,66273  -0,0005962142  -0,01128237
864,4795  0,000170402  12,69772  -0,0001974228  -0,01108392
863,0916  0,0001651811  12,73625  0,0002257806  -0,01089467
861,7082  0,0001564642  12,74831  0,0003470986  -0,01058289
860,3292  0,0001479299  12,7723  0,0005832327  -0,01026272
858,9546  0,0001353861  12,78838  0,000714634  -0,009792055
857,5843  0,0001234558  12,82684  0,001039822  -0,009302645
856,2185  0,0001123167  12,85092  0,001203182  -0,008832514
854,857  0,0001064602  12,89163  0,001518009  -0,008530765
853,4998  0,0001019796  12,90637  0,001606039  -0,008313299
852,1469  0,0001004236  12,93504  0,001826687  -0,008187557
850,7983  9,446094E-5  0  0,001796826  -0,007921901
849,454  8,71613E-5  0  0,001818052  -0,007575514
848,1139  7,578594E-5  0  0,001615542  -0,007070805
846,778  6,502191E-5  0  0,001534393  -0,006529782
845,4464  5,438957E-5  0  0,00134242  -0,005976195
844,1189  4,597912E-5  0  0,001382515  -0,005450207
842,7956  3,743829E-5  0  0,001278776  -0,004901769
841,4764  3,095449E-5  0  0,001278095  -0,004417953
840,1613  2,528372E-5  0  0,001109268  -0,003999055
838,8504  2,141777E-5  0  0,001104633  -0,003650175
837,5435  1,772649E-5  0  0,0009987765  -0,003316979
836,2407  1,513323E-5  0  0,001069073  -0,003011585
834,9419  1,247555E-5  0  0,00104925  -0,002700368
833,6472  1,054978E-5  0  0,001136727  -0,00240483
832,3565  8,806339E-6  0  0,001088516  -0,002168629
831,0697  7,789175E-6  0  0,001132996  -0,001976863
829,787  6,770249E-6  0  0,001043514  -0,001846534
828,5082  6,247453E-6  0  0,001041686  -0,001747379
827,2333  5,573118E-6  0  0,0009386176  -0,001673139
825,9624  5,04551E-6  0  0,0009161154  -0,001575587
824,6953  4,344686E-6  0  0,000802137  -0,001485987
823,4321  3,781858E-6  0  0,0007624727  -0,001375941
822,1728  3,260452E-6  0  0,0006522349  -0,001304407
820,9174  2,940619E-6  0  0,0006259248  -0,001233132
819,6657  2,639071E-6  0  0,0005364268  -0,001193024
818,4179  2,41804E-6  0  0,0004947366  -0,001148137
817,1739  2,153828E-6  0  0,0003788824  -0,001115535
815,9336  1,881717E-6  0  0,0002746116  -0,001064672
814,6971  1,626484E-6  0  9,964927E-5  -0,001015808
813,4644  1,411304E-6  0  -5,694645E-5  -0,0009476243
812,2354  1,250318E-6  0  -0,0002407634  -0,000859101
811,01  1,130261E-6  0  -0,0003780687  -0,0007579453
809,7884  9,732789E-7  0  -0,0004847024  -0,0006172347
808,5705  8,43872E-7  0  -0,0005435105  -0,0004868412
807,3562  6,578148E-7  0  -0,0005512185  -0,0003315762
806,1455  5,558776E-7  0  -0,0005424478  -0,0002331646
804,9385  4,12072E-7  0  -0,0004940285  -0,0001165804
803,7351  3,805107E-7  0  -0,0004802162  -8,125562E-5
802,5353  3,061008E-7  0  -0,0004361315  6,558321E-6
801,339  3,571436E-7  0  -0,0004704297  3,659274E-6
800,1463  3,224861E-7  0  -0,0004383052  8,446791E-5
798,9572  3,913291E-7  0  -0,0004851266  7,55952E-5
797,7716  3,4621E-7  0  -0,0004212272  0,0001876267
796,5895  3,798563E-7  0  -0,0004444018  0,000187396
795,4109  3,441211E-7  0  -0,0003211501  0,0003270578
794,2357  3,369565E-7  0  -0,0003266226  0,0003137516
793,0641  3,62778E-7  0  -0,0001724516  0,0004364064
791,8959  2,769401E-7  0  -0,0001928481  0,0003611165
790,7311  3,097939E-7  0  -2,970551E-5  0,0004313283
789,5698  1,520346E-7  0  -7,379941E-5  0,0002932926
788,4119  2,106317E-7  0  8,378719E-5  0,0003454392
787,2573  5,670352E-8  0  -1,067519E-5  0,0001838489
786,1061  1,276884E-7  0  0,0001297307  0,0002435512
784,9583  1,109381E-8  0  -9,076573E-6  8,071015E-5
783,8139  6,845809E-8  0  0,000125196  0,0001578396
782,6728  2,59063E-9  0  -3,876917E-5  -5,330426E-6
781,5349  3,353557E-8  0  0,0001072616  9,089585E-5
780,4004  1,652358E-8  0  -7,186528E-5  -6,742946E-5
779,2692  1,719388E-8  0  8,83654E-5  4,761913E-5
778,1413  3,808708E-8  0  -0,000103171  -0,0001077549
777,0166  9,238554E-9  0  7,068137E-5  1,966988E-5
775,8952  6,110606E-8  0  -0,0001311317  -0,0001352948
774,777  4,964867E-9  0  5,343086E-5  4,607166E-6
773,662  8,19113E-8  0  -0,0001596697  -0,0001477134
772,5502  2,092797E-9  0  3,399411E-5  7,054943E-6
771,4416  9,371559E-8  0  -0,0001865588  -0,0001379045
770,3362  2,746859E-9  0  1,891312E-5  3,486151E-5
769,2339  8,859188E-8  0  -0,0002002455  -0,0001024215
768,1348  1,296835E-8  0  2,355344E-5  8,264006E-5
767,0389  6,646441E-8  0  -0,0001853772  -5,806929E-5
765,946  3,34294E-8  0  5,650878E-5  0,0001254314
764,8563  3,962118E-8  0  -0,0001460088  -3,239509E-5
763,7697  5,361837E-8  0  0,0001023752  0,000140369
762,6861  2,195752E-8  0  -0,0001044384  -3,76621E-5
761,6057  6,310706E-8  0  0,0001375269  0,0001281057
760,5282  1,895396E-8  0  -8,083619E-5  -6,360152E-5
759,4539  5,970661E-8  0  0,0001492339  0,0001046993
758,3825  2,684683E-8  0  -7,946989E-5  -9,265718E-5
757,3142  4,961213E-8  0  0,0001415512  8,615096E-5
756,2489  3,798314E-8  0  -9,154264E-5  -0,0001121753
755,1865  4,038587E-8  0  0,000125534  8,042441E-5
754,1272  4,623669E-8  0  -0,0001060273  -0,0001188857
753,0708  3,653419E-8  0  0,0001115194  8,693659E-5
752,0174  4,911548E-8  0  -0,0001151639  -0,000116371
750,9669  3,849872E-8  0  0,0001049202  9,971908E-5
749,9193  4,80439E-8  0  -0,000116601  -0,000111706
748,8747  4,361515E-8  0  0,000105535  0,0001116554
747,833  4,635503E-8  0  -0,0001131499  -0,0001105204
746,7941  4,85394E-8  0  0,000109492  0,000118892
745,7582  4,65145E-8  0  -0,0001093414  -0,0001140573
744,7251  5,150083E-8  0  0,0001124924  0,0001221054
743,6949  4,879817E-8  0  -0,0001081365  -0,0001198
742,6675  5,302108E-8  0  0,0001134867  0,0001238633
741,6429  5,204536E-8  0  -0,0001094312  -0,0001251017
740,6212  5,433204E-8  0  0,0001135746  0,0001259397
739,6023  5,499917E-8  0  -0,0001115771  -0,0001287775
738,5862  5,606485E-8  0  0,0001142022  0,0001283441
737,5729  5,742128E-8  0  -0,0001137977  -0,0001311321
736,5623  5,80672E-8  0  0,0001156268  0,0001305052
735,5546  5,942281E-8  0  -0,0001158264  -0,0001327029
734,5495  5,975525E-8  0  0,0001173285  0,0001317127
733,5473  6,111981E-8  0  -0,0001178842  -0,0001335711
732,5477  6,091292E-8  0  0,0001188961  0,0001319396
731,5509  6,23107E-8  0  -0,0001198483  -0,0001334797
730,5568  6,15477E-8  0  0,0001202077  0,0001313399
729,5653  6,272682E-8  0  -0,0001214838  -0,0001321417
728,5766  6,177633E-8  0  0,0001214544  0,0001299785
727,5905  6,241503E-8  0  -0,0001226098  -0,0001298195
726,6071  6,141962E-8  0  0,0001222072  0,0001278999
725,6264  6,133123E-8  0  -0,0001229444  -0,0001266819
724,6483  6,030215E-8  0  0,0001222147  0,0001249871
723,6729  5,963562E-8  0  -0,0001225234  -0,0001229925
722,7  5,84051E-8  0  0,0001212198  0,0001214236
721,7298  5,725477E-8  0  -0,0001209948  -0,0001189157
720,7622  5,569339E-8  0  0,0001191182  0,0001171822
719,7971  5,428804E-8  0  -0,0001184495  -0,0001145127
718,8347  5,244868E-8  0  0,0001161074  0,0001125734
717,8748  5,086881E-8  0  -0,0001147676  -0,0001101208
716,9175  4,879811E-8  0  0,0001119145  0,0001080687
715,9627  4,700278E-8  0  -0,000109851  -0,000105754
715,0105  4,481419E-8  0  0,0001065719  0,000103692
714,0608  4,294988E-8  0  -0,0001038515  -0,0001017272
713,1136  4,070288E-8  0  0,0001000355  9,983848E-5
712,1689  3,882108E-8  0  -9,667727E-5  -9,82568E-5
711,2267  3,655792E-8  0  9,23639E-5  9,651318E-5
710,287  3,481674E-8  0  -8,865338E-5  -9,534996E-5
709,3498  3,270695E-8  0  8,391122E-5  9,402535E-5
708,4151  3,122424E-8  0  -7,985907E-5  -9,351193E-5
707,4828  2,928314E-8  0  7,467281E-5  9,256643E-5
706,553  2,807443E-8  0  -7,040911E-5  -9,25617E-5
705,6256  2,642168E-8  0  6,492139E-5  9,209073E-5
704,7007  2,559111E-8  0  -6,054383E-5  -9,272883E-5
703,7781  2,430329E-8  0  5,485055E-5  9,277911E-5
702,858  2,38507E-8  0  -5,033689E-5  -9,40033E-5
701,9403  2,295665E-8  0  4,461869E-5  9,447123E-5
701,025  2,293932E-8  0  -4,016606E-5  -9,625829E-5
700,112  2,251852E-8  0  3,454659E-5  9,7253E-5
699,2015  2,296194E-8  0  -3,020676E-5  -9,960258E-5
698,2933  2,298226E-8  0  2,474658E-5  0,0001010058
697,3874  2,387766E-8  0  -2,054533E-5  -0,0001038492
696,4839  2,433293E-8  0  1,543424E-5  0,0001056061
695,5828  2,562975E-8  0  -1,145379E-5  -0,0001087921
694,6839  2,653314E-8  0  6,711739E-6  0,000110958
693,7874  2,818134E-8  0  -2,953498E-6  -0,0001143754
692,8932  2,943774E-8  0  -1,36796E-6  0,0001167774
692,0013  3,143783E-8  0  4,7722E-6  -0,0001204378
691,1117  3,296221E-8  0  -8,616981E-6  0,0001229597
690,2244  3,528867E-8  0  1,173122E-5  -0,0001268318
689,3394  3,707107E-8  0  -1,511678E-5  0,0001295037
688,4566  3,956836E-8  0  1,796738E-5  -0,0001333253
687,5761  4,151856E-8  0  -2,088073E-5  0,0001360365
686,6978  4,411612E-8  0  2,3426E-5  -0,0001397385
685,8218  4,623011E-8  0  -2,597969E-5  0,0001425098
