1462.87  9.987528E-7  0  -0.001377467  -0.0002954416
1461.685  6.509102E-7  0  2.510652E-5  0.001136111
1460.501  1.049247E-6  0  0.001405971  0.0003186521
1459.319  6.709513E-7  0  6.436228E-6  -0.001151865
1458.139  1.133927E-6  0  -0.00144887  -0.0003735497
1456.961  6.740416E-7  0  -5.24879E-5  0.001151471
1455.785  1.21469E-6  0  0.001483785  0.0004345804
1454.61  6.638263E-7  0  9.921082E-5  -0.001137736
1453.438  1.301022E-6  0  -0.00151713  -0.0005004479
1452.267  6.223841E-7  0  -0.0001473705  0.001094169
1451.099  1.376581E-6  0  0.00155187  0.0005323197
1449.932  6.029096E-7  0  0.0002028668  -0.001065756
1448.767  1.443026E-6  0  -0.001579948  -0.0005623986
1447.604  5.847495E-7  0  -0.0002581191  0.001035012
1446.443  1.494318E-6  0  0.001604551  0.0005732144
1445.284  5.982459E-7  0  0.0003100713  -0.001031632
1444.126  1.561925E-6  0  -0.001632087  -0.0006009058
1442.97  6.193792E-7  0  -0.0003630694  0.001032347
1441.817  1.648592E-6  0  0.001660902  0.0006510261
1440.665  6.056321E-7  0  0.0004092274  -0.0009998865
1439.515  1.757729E-6  0  -0.001716546  -0.000660114
1438.367  6.640703E-7  0  -0.0004895088  0.001017924
1437.22  1.900286E-6  0  0.001766059  0.0007252448
1436.076  7.043795E-7  0  0.000608739  -0.0009891199
1434.933  1.922134E-6  0  -0.001756841  -0.0007672245
1433.792  7.315377E-7  0  -0.0006874674  0.0009611802
1432.653  1.960627E-6  0  0.00175847  0.0008028713
1431.515  7.628513E-7  0  0.000757961  -0.0009365522
1430.38  2.043935E-6  0  -0.001781339  -0.0008426632
1429.246  8.175488E-7  0  -0.0008603987  0.0009002803
1428.114  2.062805E-6  0  0.001776607  0.0008662341
1426.984  8.92333E-7  0  0.0009585856  -0.0008765885
1425.856  2.052552E-6  0  -0.001752087  -0.0008973198
1424.729  9.338237E-7  0  -0.001025313  0.0008419644
1423.605  2.092143E-6  0  0.001767291  0.0009021937
1422.482  1.083617E-6  0  0.001141793  -0.0008557956
1421.36  2.112433E-6  0  -0.001736872  -0.0009727322
1420.241  1.168054E-6  0  -0.001240333  0.0008058521
1419.123  2.07208E-6  0  0.001692617  0.001005014
1418.007  1.227201E-6  0  0.001311448  -0.00075597
1416.893  2.043429E-6  0  -0.001674887  -0.001002085
1415.781  1.378648E-6  0  -0.001406591  0.0007665411
1414.67  2.064956E-6  0  0.001639067  0.00107282
1413.561  1.472093E-6  0  0.001493453  -0.0007078331
1412.454  2.062521E-6  0  -0.001617218  -0.001097982
1411.348  1.670645E-6  0  -0.001626852  0.0006659521
1410.245  1.932869E-6  0  0.001516653  0.001126651
1409.143  1.746681E-6  0  0.001686075  -0.0006146877
1408.042  1.850721E-6  0  -0.001455349  -0.001135412
1406.944  1.873004E-6  0  -0.001760295  0.0005866903
1405.847  1.764723E-6  0  0.001372148  0.001164459
1404.752  1.918506E-6  0  0.001793763  -0.0005458179
1403.658  1.755272E-6  0  -0.001335134  -0.001195326
1402.566  2.023243E-6  0  -0.0018603  0.000484959
1401.476  1.699107E-6  0  0.001288892  0.001199054
1400.388  2.175303E-6  0  0.001941273  -0.0004390863
1399.301  1.604099E-6  0  -0.001217688  -0.001197435
1398.216  2.303719E-6  0  -0.002003936  0.0004079571
1397.133  1.534647E-6  0  0.001156103  0.001202132
1396.051  2.476509E-6  0  0.002081466  -0.0003866011
1394.972  1.460142E-6  0  -0.001068733  -0.001223223
1393.893  2.603171E-6  0  -0.002136572  0.0003629053
1392.817  1.438124E-6  0  0.0009869134  0.001271478
1391.742  2.702083E-6  0  0.002185417  -0.0002898421
1390.668  1.373828E-6  0  -0.0009125073  -0.001278488
1389.597  2.829271E-6  0  -0.002241615  0.0002197976
1388.527  1.254645E-6  0  0.0008342219  0.001245113
1387.458  3.021776E-6  0  0.002314369  -0.0002129735
1386.392  1.184698E-6  0  -0.0007080367  -0.001270106
1385.327  3.05293E-6  0  -0.00232616  0.0001719729
1384.263  1.153431E-6  0  0.0006214413  0.001290804
1383.201  3.08286E-6  0  0.002337459  -0.000115661
1382.141  1.134147E-6  0  -0.0005693734  -0.001299108
1381.083  3.250063E-6  0  -0.002398722  5.10372E-5
1380.026  1.058624E-6  0  0.0004755254  0.001282977
1378.97  3.395364E-6  0  0.002448558  -3.602992E-6
1377.917  9.695077E-7  0  -0.0003599317  -0.001256887
1376.865  3.457873E-6  0  -0.002467214  -6.56406E-6
1375.814  9.674588E-7  0  0.0002596647  0.001277919
1374.765  3.52342E-6  0  0.002486188  5.045543E-5
1373.718  9.702322E-7  0  -0.0001558341  -0.001294566
1372.672  3.551372E-6  0  -0.00249002  -0.0001164859
1371.628  9.470861E-7  0  7.338177E-5  0.00128421
1370.586  3.649128E-6  0  0.002517024  0.0001732193
1369.545  9.139719E-7  0  3.063219E-5  -0.001261326
1368.505  3.719645E-6  0  -0.002534887  -0.0002075806
1367.467  9.276315E-7  0  -0.0001463229  0.0012607
1366.431  3.729698E-6  0  0.002529271  0.0002633749
1365.397  9.220713E-7  0  0.0002424543  -0.001239956
1364.364  3.780856E-6  0  -0.002538078  -0.0003059596
1363.332  9.369953E-7  0  -0.0003559336  0.001220869
1362.302  3.778652E-6  0  0.002529312  0.0003383845
1361.274  9.938676E-7  0  0.0004615666  -0.00122358
1360.247  3.788417E-6  0  -0.00251933  -0.0004025438
1359.222  1.016815E-6  0  -0.0005632055  0.001194658
1358.198  3.827439E-6  0  0.002520634  0.0004502425
1357.176  1.064003E-6  0  0.0006869715  -0.001161008
1356.155  3.822577E-6  0  -0.002509568  -0.0004799674
1355.136  1.181422E-6  0  -0.000836099  0.001146984
1354.118  3.664177E-6  0  0.002442326  0.00052349
1353.102  1.271218E-6  0  0.000939393  -0.00113084
1352.088  3.545059E-6  0  -0.002383708  -0.000579677
1351.075  1.32835E-6  0  -0.001026118  0.001094856
1350.063  3.478227E-6  0  0.002344514  0.0006246756
1349.053  1.411123E-6  0  0.001129445  -0.001053154
1348.045  3.365333E-6  0  -0.002291869  -0.0006528426
1347.038  1.529922E-6  0  -0.00123096  0.001030809
1346.032  3.232978E-6  0  0.002225083  0.0006987521
1345.028  1.615557E-6  0  0.001309699  -0.0009993461
1344.026  3.191752E-6  0  -0.002187274  -0.0007548013
1343.025  1.751147E-6  0  -0.001431539  0.0009400647
1342.025  2.996448E-6  0  0.002096456  0.0007849892
1341.027  1.846959E-6  0  0.001515177  -0.0008880014
1340.03  2.82076E-6  0  -0.002012166  -0.0008091253
1339.035  1.931817E-6  0  -0.001584695  0.0008397512
1338.042  2.690105E-6  0  0.001944285  0.0008319177
1337.05  2.05433E-6  0  0.001669308  -0.0007897448
1336.059  2.527339E-6  0  -0.001862832  -0.000848023
1335.07  2.185964E-6  0  -0.001750366  0.0007445015
1334.082  2.361328E-6  0  0.001776485  0.000864082
1333.096  2.347978E-6  0  0.001839764  -0.0007000042
1332.111  2.135911E-6  0  -0.001657763  -0.0008782884
1331.128  2.453988E-6  0  -0.00189733  0.0006617156
1330.146  1.947561E-6  0  0.001541846  0.0009068928
1329.166  2.514093E-6  0  0.001939466  -0.0006024219
1328.187  1.75756E-6  0  -0.001423598  -0.0009232814
1327.209  2.491488E-6  0  -0.001947922  0.000530028
1326.233  1.623228E-6  0  0.001353533  0.0009050751
1325.258  2.608712E-6  0  0.002002974  -0.0004925777
1324.285  1.454383E-6  0  -0.001242415  -0.0009082243
1323.313  2.654437E-6  0  -0.002029361  0.0004450929
1322.343  1.311643E-6  0  0.001140876  0.0009100303
1321.374  2.706224E-6  0  0.002059203  -0.0003839541
1320.406  1.120852E-6  0  -0.001019438  -0.0008805566
1319.44  2.692016E-6  0  -0.002054764  0.0003603907
1318.475  1.001725E-6  0  0.0009191706  0.0008787231
1317.512  2.661377E-6  0  0.002044829  -0.0003294135
1316.55  9.282729E-7  0  -0.0008317124  -0.0008957351
1315.59  2.603175E-6  0  -0.002029892  0.000251648
1314.631  8.219661E-7  0  0.0007713063  0.0008510077
1313.673  2.66579E-6  0  0.002054817  -0.0002228779
1312.717  7.002047E-7  0  -0.0006663077  -0.0008224863
1311.762  2.629869E-6  0  -0.002039757  0.0002037604
1310.808  6.21134E-7  0  0.0005854273  0.0008051768
1309.856  2.613698E-6  0  0.00203184  -0.0001891833
1308.905  5.719236E-7  0  -0.0005049517  -0.0008092556
1307.956  2.605895E-6  0  -0.002029569  0.0001433434
1307.008  4.864799E-7  0  0.0004057938  0.0007791201
1306.061  2.533317E-6  0  0.001998914  -0.0001307284
1305.116  4.530286E-7  0  -0.0003235829  -0.0007822074
1304.172  2.436811E-6  0  -0.001960097  8.213063E-5
1303.229  4.022934E-7  0  0.0002641847  0.0007514486
1302.288  2.40151E-6  0  0.001944046  -5.201857E-5
1301.348  3.48419E-7  0  -0.000179772  -0.0007180519
1300.41  2.285579E-6  0  -0.001894203  3.264722E-5
1299.473  3.097995E-7  0  0.0001284213  0.0006850467
1298.537  2.21156E-6  0  0.001860698  -2.545068E-5
1297.603  2.849504E-7  0  -7.927497E-5  -0.0006627569
1296.67  2.169404E-6  0  -0.001840285  2.057282E-5
1295.738  2.756036E-7  0  6.107328E-6  0.000655471
1294.808  2.039107E-6  0  0.001781701  6.780171E-6
1293.879  2.496886E-7  0  2.416082E-5  -0.0006225565
1292.951  1.984495E-6  0  -0.001755138  -1.096438E-5
1292.024  2.396935E-7  0  -7.411518E-5  0.0006050305
1291.099  1.890057E-6  0  0.001710276  2.423952E-5
1290.176  2.233625E-7  0  0.0001047578  -0.0005781656
1289.253  1.820133E-6  0  -0.00167592  -2.521453E-5
1288.332  2.193686E-7  0  -0.0001332538  0.000565996
1287.412  1.764492E-6  0  0.001647217  4.866536E-5
1286.494  1.900684E-7  0  0.0001630939  -0.0005152798
1285.577  1.709492E-6  0  -0.001619565  -2.353742E-5
1284.661  1.870712E-7  0  -0.0001943247  0.0004989246
1283.746  1.646427E-6  0  0.001587314  -1.40164E-6
1282.833  2.021679E-7  0  0.0002203708  -0.0005102739
1281.921  1.572552E-6  0  -0.001549085  -3.470489E-6
1281.01  2.042652E-7  0  -0.000224133  0.0005109067
1280.101  1.551788E-6  0  0.001536496  2.129003E-5
1279.193  1.903847E-7  0  0.0002389715  -0.0004818507
1278.286  1.544253E-6  0  -0.001530729  -4.153256E-6
1277.381  1.998724E-7  0  -0.0002679515  0.0004806724
1276.476  1.513014E-6  0  0.001513028  6.679757E-7
1275.574  2.064715E-7  0  0.00028921  -0.0004778241
1274.672  1.492596E-6  0  -0.001500658  -2.193089E-6
1273.771  2.096341E-7  0  -0.0003189367  0.0004627329
1272.872  1.428214E-6  0  0.001465748  -1.85732E-5
1271.975  2.11645E-7  0  0.0003048053  -0.000474412
1271.078  1.471963E-6  0  -0.00148591  2.035096E-5
1270.183  2.275908E-7  0  -0.0003326528  0.0004799054
1269.289  1.49372E-6  0  0.001494708  -2.295034E-5
1268.396  2.561443E-7  0  0.0003769025  -0.0004905204
1267.504  1.45615E-6  0  -0.001473838  1.237624E-5
1266.614  2.550931E-7  0  -0.0003889484  0.0004782724
1265.725  1.481318E-6  0  0.001484047  -3.612981E-5
1264.837  2.97087E-7  0  0.0004300841  -0.0005063325
1263.951  1.447769E-6  0  -0.001465259  2.778092E-5
1263.065  3.113254E-7  0  -0.0004383109  0.0005187348
1262.181  1.482257E-6  0  0.001480545  -2.74212E-5
1261.298  3.493299E-7  0  0.0004678913  -0.0005450997
1260.417  1.520302E-6  0  -0.001497567  7.648642E-6
1259.536  3.89651E-7  0  -0.0005118404  0.0005585996
1258.657  1.54942E-6  0  0.001509709  1.097936E-5
1257.779  4.372256E-7  0  0.0005664947  -0.0005669096
1256.903  1.5573E-6  0  -0.001511336  -2.035568E-5
1256.027  5.041185E-7  0  -0.0006220159  0.0005929634
1255.153  1.567157E-6  0  0.00151319  5.358413E-5
1254.28  5.809457E-7  0  0.0006976217  -0.000601677
1253.408  1.499906E-6  0  -0.001477031  -8.072716E-5
1252.537  6.359113E-7  0  -0.0007373815  0.0006186103
1251.668  1.477684E-6  0  0.001460363  0.0001306789
1250.8  6.757528E-7  0  0.0007822293  -0.0006081448
1249.933  1.45889E-6  0  -0.001444732  -0.0001710713
1249.067  7.064859E-7  0  -0.0008280105  0.0005813158
1248.202  1.44027E-6  0  0.001432279  0.0001797158
1247.339  7.796235E-7  0  0.0008814167  -0.0005911599
1246.477  1.414939E-6  0  -0.001410603  -0.0002271928
1245.616  8.108816E-7  0  -0.0009202652  0.0005669242
1244.756  1.453249E-6  0  0.001422506  0.0002595765
1243.897  9.179316E-7  0  0.001016583  -0.0005342632
1243.04  1.36851E-6  0  -0.001373777  -0.0002762135
1242.184  9.848475E-7  0  -0.00107681  0.0005016045
1241.329  1.296662E-6  0  0.001335544  0.0002677163
1240.475  1.099099E-6  0  0.001144385  -0.0005107665
1239.622  1.21942E-6  0  -0.001284479  -0.0003002429
1238.77  1.202619E-6  0  -0.001211448  0.0004960795
1237.92  1.104532E-6  0  0.001209476  0.0003300555
1237.071  1.257838E-6  0  0.001248413  -0.0004784719
1236.223  1.018122E-6  0  -0.001142746  -0.000372784
1235.376  1.262443E-6  0  -0.001265893  0.0004319913
1234.53  9.788464E-7  0  0.001108401  0.0003959092
1233.685  1.322271E-6  0  0.001313933  -0.000377287
1232.842  8.953983E-7  0  -0.001052055  -0.0003961266
1232  1.368876E-6  0  -0.001347802  0.0003358248
1231.158  8.467482E-7  0  0.001015296  0.0004012289
1230.318  1.49913E-6  0  0.001425826  -0.0002723823
1229.48  6.826112E-7  0  -0.0009126803  -0.0003538111
1228.642  1.558998E-6  0  -0.001452462  0.0002751518
1227.805  5.622908E-7  0  0.0008119425  0.0003575994
1226.97  1.524547E-6  0  0.001436569  -0.0002598397
1226.136  5.213906E-7  0  -0.0007639635  -0.000379802
1225.303  1.559098E-6  0  -0.001460694  0.0002000086
1224.471  4.342263E-7  0  0.0006917713  0.00035498
1223.64  1.599864E-6  0  0.001482003  -0.0001675693
1222.81  3.335789E-7  0  -0.0005909343  -0.0003375917
1221.981  1.533557E-6  0  -0.001452184  0.0001327
1221.154  2.817073E-7  0  0.0005353851  0.00032164
1220.327  1.516177E-6  0  0.001445974  -7.627879E-5
1219.502  2.08479E-7  0  -0.000467256  -0.0002637788
1218.678  1.47355E-6  0  -0.00142464  5.108755E-5
1217.855  1.545911E-7  0  0.0004158353  0.0001999834
1217.033  1.469105E-6  0  0.001420418  -5.500613E-5
1216.212  1.001882E-7  0  -0.0003376001  -0.0001537514
1215.392  1.386656E-6  0  -0.001377661  6.420533E-5
1214.574  7.302501E-8  0  0.0002924942  0.0001203348
1213.756  1.331501E-6  0  0.001348121  -6.382801E-5
1212.94  4.838361E-8  0  -0.0002448562  -7.839361E-5
1212.124  1.259833E-6  0  -0.001309323  6.710953E-5
1211.31  3.394705E-8  0  0.0002135172  2.575291E-5
1210.497  1.214615E-6  0  0.001282573  -8.772511E-5
1209.685  2.369204E-8  0  -0.0001777243  2.465519E-5
1208.874  1.176403E-6  0  -0.001257633  0.0001215202
1208.064  1.632611E-8  0  0.0001267255  -7.788393E-5
1207.256  1.090704E-6  0  0.001198573  -0.0001989307
1206.448  1.26572E-8  0  -0.0001155971  6.119277E-5
1205.641  1.043432E-6  0  -0.001166803  0.0002167247
1204.836  9.183439E-9  0  8.647917E-5  -7.000268E-5
1204.031  9.511584E-7  0  0.001109555  -0.0002220628
1203.228  1.690195E-8  0  -8.747516E-5  0.0001227627
1202.425  9.035211E-7  0  -0.001063794  0.0002853007
1201.624  2.059897E-8  0  0.0001027386  -0.0001306285
1200.824  8.832735E-7  0  0.001035572  -0.0003321213
1200.025  2.391104E-8  0  -0.0001161181  0.0001359821
1199.227  8.688719E-7  0  -0.001010305  0.0003736569
1198.43  3.120674E-8  0  0.0001417073  -0.0001467609
1197.634  9.008638E-7  0  0.001011944  -0.0004193259
1196.839  3.684618E-8  0  -0.000139785  0.0001716703
1196.045  9.344383E-7  0  -0.0009905095  0.0005100737
1195.252  3.384427E-8  0  0.0001582131  -0.0001409501
1194.461  9.721454E-7  0  0.0009803384  -0.0005717435
1193.67  3.285623E-8  0  -0.0001818018  0.00010208
1192.88  1.011171E-6  0  -0.0009832758  0.0006076868
1192.092  3.699247E-8  0  0.0002002726  -9.330835E-5
1191.304  1.099989E-6  0  0.0009904838  -0.0006845281
1190.518  3.581353E-8  0  -0.0002143529  3.446622E-5
1189.732  1.143712E-6  0  -0.0009891541  0.0007244701
1188.948  5.14764E-8  0  0.0002594852  1.543536E-5
1188.165  1.277901E-6  0  0.001048727  -0.0007585553
1187.382  4.265526E-8  0  -0.0002273666  -6.441093E-5
1186.601  1.286207E-6  0  -0.001030548  0.0007871852
1185.821  6.371035E-8  0  0.0002668148  0.0001095458
1185.041  1.388709E-6  0  0.001069318  -0.0008170052
1184.263  7.685258E-8  0  -0.0002771807  -0.0001525071
1183.486  1.510438E-6  0  -0.001107393  0.0008591805
1182.71  9.409957E-8  0  0.0002765182  0.0002139281
1181.934  1.612444E-6  0  0.00113227  -0.0008998069
1181.16  1.415897E-7  0  -0.0003024599  -0.0003032322
1180.387  1.759433E-6  0  -0.001205824  0.0009068517
1179.615  1.733079E-7  0  0.0002726096  0.0003868076
1178.844  1.800701E-6  0  0.001234803  -0.000893845
1178.074  2.252098E-7  0  -0.0002823375  -0.0004588307
1177.304  1.919987E-6  0  -0.00131378  0.0008632174
1176.536  2.387876E-7  0  0.0002424371  0.0004981569
1175.769  2.041219E-6  0  0.001374344  -0.0008552937
1175.003  2.514835E-7  0  -0.0001809934  -0.0005381958
1174.238  2.119707E-6  0  -0.001399566  0.0008690447
1173.474  3.120278E-7  0  0.000141633  0.0006155755
1172.711  2.167745E-6  0  0.001432041  -0.000847096
1171.948  3.678612E-7  0  -9.976848E-5  -0.000677652
1171.187  2.21193E-6  0  -0.001464516  0.0008201214
1170.427  4.223356E-7  0  5.627721E-5  0.0007308059
1169.668  2.284848E-6  0  0.001503501  -0.0008013877
1168.91  5.157176E-7  0  9.859199E-6  -0.0008088489
1168.153  2.218784E-6  0  -0.001509942  0.0007290972
1167.396  5.346437E-7  0  -4.659582E-5  0.000821231
1166.641  2.255548E-6  0  0.001533857  -0.000705682
1165.887  5.846039E-7  0  8.21488E-5  -0.0008550763
1165.133  2.345986E-6  0  -0.001580896  0.0006768417
1164.381  6.396939E-7  0  -0.000147674  0.0008851827
1163.63  2.439061E-6  0  0.001623843  -0.0006556526
1162.879  7.329147E-7  0  0.0002527007  -0.0009254631
1162.13  2.367423E-6  0  -0.001604755  0.0006275073
1161.381  8.261272E-7  0  -0.0003088881  0.0009691782
1160.634  2.348815E-6  0  0.001611317  -0.000584591
1159.887  9.099534E-7  0  0.0003840069  -0.0009946447
1159.142  2.285948E-6  0  -0.001594404  0.0005567565
1158.397  1.01294E-6  0  -0.000437266  0.001034885
1157.654  2.242193E-6  0  0.001590949  -0.0005091286
1156.911  1.08906E-6  0  0.0004968347  -0.001052005
1156.169  2.223766E-6  0  -0.001589151  0.0004846703
1155.428  1.234348E-6  0  -0.0005695836  0.001098079
1154.688  2.130504E-6  0  0.001570083  -0.0004154674
1153.95  1.280475E-6  0  0.0006370713  -0.001085111
1153.212  2.057936E-6  0  -0.001542635  0.0004021092
1152.475  1.388565E-6  0  -0.0007024792  0.001104136
1151.738  1.933754E-6  0  0.00149349  -0.0003891597
1151.003  1.500752E-6  0  0.0007276441  -0.001147506
1150.269  1.895736E-6  0  -0.001486131  0.0003472615
1149.536  1.629992E-6  0  -0.0007878538  0.001174481
1148.804  1.789309E-6  0  0.001448803  -0.0003062458
1148.072  1.724152E-6  0  0.0008214369  -0.001198131
1147.342  1.741876E-6  0  -0.001435823  0.0002601356
1146.612  1.828221E-6  0  -0.0008815507  0.001206164
1145.883  1.628615E-6  0  0.001389831  -0.0002326381
1145.156  1.90703E-6  0  0.0009031769  -0.001227411
1144.429  1.608277E-6  0  -0.001384133  0.0002003822
1143.703  2.049913E-6  0  -0.0009639815  0.001249269
1142.978  1.513581E-6  0  0.00134468  -0.000167276
1142.254  2.157732E-6  0  0.001000755  -0.001269939
1141.531  1.463441E-6  0  -0.001323144  0.0001418308
1140.809  2.33713E-6  0  -0.001059794  0.001304334
1140.088  1.352562E-6  0  0.001272673  -0.0001132486
1139.367  2.536917E-6  0  0.001095519  -0.001363081
1138.648  1.257488E-6  0  -0.001229662  4.323063E-5
1137.929  2.691191E-6  0  -0.001132429  0.001397693
1137.212  1.142025E-6  0  0.001170444  3.903594E-5
1136.495  2.707605E-6  0  0.001128845  -0.001404701
1135.779  1.1435E-6  0  -0.001164638  -0.0001157385
1135.064  2.744218E-6  0  -0.001173729  0.001380386
1134.35  1.069465E-6  0  0.001121956  0.0001381397
1133.637  2.843724E-6  0  0.001184015  -0.00141128
1132.925  1.099466E-6  0  -0.001127349  -0.0001987494
1132.214  3.064784E-6  0  -0.001261715  0.001433981
1131.503  1.011017E-6  0  0.001059339  0.0002824482
1130.794  3.080566E-6  0  0.001282869  -0.001418475
1130.085  9.696828E-7  0  -0.001019271  -0.0003332145
1129.377  3.158624E-6  0  -0.001309879  0.001423142
1128.67  9.474882E-7  0  0.0009833566  0.0003922035
1127.964  3.275924E-6  0  0.00134501  -0.001435722
1127.259  9.382572E-7  0  -0.0009377795  -0.0004771689
1126.555  3.301723E-6  0  -0.00136975  0.001419461
1125.852  9.637133E-7  0  0.0009115786  0.0005507671
1125.149  3.426713E-6  0  0.001439486  -0.001398641
1124.448  8.882492E-7  0  -0.0008079036  -0.0006246455
1123.747  3.288427E-6  0  -0.001412421  0.001364253
1123.047  9.584659E-7  0  0.0008052945  0.0006884989
1122.348  3.389748E-6  0  0.001496883  -0.001313158
1121.65  7.792544E-7  0  -0.0006565806  -0.0006922967
1120.953  3.266527E-6  0  -0.001377579  0.001383362
1120.256  1.218652E-6  0  0.0007869562  0.0008949127
1119.561  3.494279E-6  0  0.001632545  -0.001183992
1118.866  6.901432E-7  0  -0.0004289186  -0.0007863202
1118.172  2.906655E-6  0  -0.001275765  0.001321791
1117.479  1.538295E-6  0  0.0008128503  0.001059748
1116.787  3.70829E-6  0  0.001813046  -0.00100381
1116.096  5.509662E-7  0  -0.0001125179  -0.0007903505
1115.406  2.461493E-6  0  -0.00103344  0.001332569
1114.716  2.405254E-6  0  0.001008344  0.001326113
1114.028  4.490772E-6  0  0.002191911  -0.000608983
1113.34  3.722236E-7  0  0.0004576435  -0.0004679714
1112.653  2.741177E-6  0  -0.000464207  0.001713404
1111.967  5.695404E-6  0  0.001624688  0.001974772
1111.281  8.66631E-6  0  0.003146651  0.0001917958
1110.597  2.95518E-6  0  0.001821083  0.0002614821
1109.913  6.240181E-6  0  0.001097797  0.002435824
1109.231  1.689516E-5  0  0.003349074  0.002843764
1108.549  2.529607E-5  0  0.005269711  0.001047016
1107.868  1.754567E-5  0  0.004398273  0.0008077692
1107.188  1.931204E-5  0  0.003846876  0.002680484
1106.508  4.035056E-5  0  0.006077461  0.002990038
1105.83  5.867302E-5  0  0.008090001  0.001085057
1105.152  4.820472E-5  0  0.007370266  0.0005919686
1104.475  4.520481E-5  0  0.006770061  0.002317842
1103.799  7.571725E-5  0  0.008832961  0.002764627
1103.124  0.0001053197  6.78529  0.01085971  0.001037643
1102.449  9.420413E-5  0  0.01029738  0.0005322761
1101.776  8.774991E-5  0  0.009691696  0.002232753
1101.103  0.0001263066  6.932448  0.01157619  0.002862581
1100.431  0.0001646665  6.791075  0.01353809  0.001372637
1099.76  0.0001529469  6.759826  0.01307441  0.0009140381
1099.09  0.0001448305  6.891883  0.01248727  0.002555401
1098.42  0.0001906109  6.912245  0.0142542  0.003220695
1097.751  0.0002364656  6.800118  0.01616827  0.00178717
1097.084  0.0002231607  6.767477  0.01574554  0.001221895
1096.417  0.0002092114  6.864876  0.01504903  0.002658417
1095.75  0.0002539862  6.88151  0.01652032  0.003202561
1095.085  0.0003008225  6.782697  0.01822419  0.001693647
1094.42  0.0002850679  6.743027  0.01778119  0.0009432386
1093.756  0.0002647913  6.814069  0.01701906  0.002121923
1093.093  0.0003060448  6.825007  0.01825973  0.002479734
1092.431  0.0003545516  6.731185  0.01980517  0.0008155586
1091.77  0.0003420789  6.679436  0.0194573  -0.000206135
1091.109  0.0003222443  6.723422  0.0188639  0.0006301488
1090.449  0.0003682147  6.727992  0.0201491  0.0007652743
1089.79  0.0004296584  6.645522  0.02174638  -0.0009685216
1089.132  0.0004297322  6.595903  0.02166035  -0.002044857
1088.475  0.0004201495  6.630158  0.02146121  -0.00128645
1087.818  0.0004867198  6.641295  0.02309897  -0.001126598
1087.162  0.0005787898  6.584444  0.02506353  -0.00265622
1086.507  0.0006036563  6.557232  0.02549761  -0.003406053
1085.853  0.000615941  6.603739  0.02587226  -0.002238082
1085.2  0.0007153181  6.635241  0.02792671  -0.001531581
1084.547  0.000838142  6.612478  0.03016564  -0.002344093
1083.895  0.000879782  6.617039  0.03089794  -0.002259258
1083.244  0.000914916  6.683864  0.0315734  -0.0001946775
1082.594  0.001047928  6.733425  0.03373921  0.001465062
1081.944  0.001184983  6.735987  0.03585211  0.001648839
1081.295  0.00122275  6.764771  0.03633387  0.00272071
1080.647  0.001266601  6.845278  0.03661522  0.005730593
1080  0.001401541  6.90495  0.03806545  0.008309372
1079.354  0.001495377  6.925687  0.03910923  0.00939086
1078.708  0.0014786  6.976459  0.03834225  0.01129289
1078.063  0.001495089  7.073126  0.03725717  0.01501492
1077.419  0.001580989  7.146252  0.0370599  0.01818723
1076.776  0.001573508  7.190822  0.0361054  0.01976164
1076.133  0.001475331  7.275687  0.0331933  0.02201658
1075.491  0.001460233  7.401327  0.03000007  0.02585366
1074.85  0.00148832  7.496363  0.02765723  0.02884019
1074.21  0.0013945  7.576536  0.02443502  0.0299529
1073.57  0.001275263  7.711067  0.01930254  0.03150026
1072.932  0.001289539  7.87024  0.01413574  0.03433179
1072.294  0.001305482  7.989631  0.01000131  0.0359701
1071.656  0.001206366  8.11929  0.005059673  0.03550939
1071.02  0.001183566  8.303408  -0.001511488  0.0354742
1070.384  0.001324822  8.461825  -0.007495428  0.03678735
1069.749  0.001409521  8.571155  -0.01181844  0.03685306
1069.115  0.001393472  8.707172  -0.01660123  0.03469025
1068.481  0.001512875  8.865985  -0.02278304  0.03293596
1067.849  0.001749516  8.970172  -0.02803417  0.03265891
1067.217  0.001851253  9.046244  -0.03128901  0.03128776
1066.585  0.001882194  9.157644  -0.03484042  0.02782879
1065.955  0.002080191  9.269579  -0.03964238  0.02496676
1065.325  0.00231126  9.328479  -0.04323732  0.02379741
1064.696  0.002343165  9.378949  -0.04466171  0.02172148
1064.068  0.002356244  9.465944  -0.0464819  0.01779791
1063.44  0.002549694  9.540868  -0.04957333  0.01483401
1062.814  0.002664615  9.566672  -0.05102252  0.01384387
1062.188  0.002492446  9.597454  -0.04970604  0.01185708
1061.562  0.002314812  9.676415  -0.04862549  0.0076082
1060.938  0.002323373  9.75271  -0.04912567  0.003884667
1060.314  0.002241988  9.794476  -0.0483464  0.001796706
1059.691  0.001954442  9.86726  -0.04511567  -0.0016085
1059.068  0.001793828  10.00537  -0.04257342  -0.007472405
1058.447  0.001852621  10.12405  -0.04203731  -0.01265573
1057.826  0.001798538  10.20557  -0.04024257  -0.01579183
1057.206  0.001614931  10.33918  -0.03577895  -0.01989878
1056.586  0.001656335  10.51465  -0.03214154  -0.02615289
1055.968  0.001871161  10.61661  -0.03113744  -0.03111177
1055.35  0.001913403  10.67373  -0.02962194  -0.033188
1054.732  0.001910198  10.76989  -0.02626149  -0.03582754
1054.116  0.002239946  10.85702  -0.02493942  -0.04110032
1053.5  0.002823744  10.86518  -0.02760779  -0.0463464
1052.885  0.003379728  10.8611  -0.03039229  -0.0505512
1052.27  0.004154392  10.91239  -0.03076026  -0.05766608
1051.657  0.005719253  10.97719  -0.0316165  -0.06981482
1051.044  0.007896518  11.01586  -0.03393088  -0.0833608
1050.432  0.009912033  11.0745  -0.03245759  -0.09540716
1049.82  0.01189474  11.18541  -0.02375545  -0.1077452
1049.209  0.01430689  11.30556  -0.01169468  -0.1203669
1048.599  0.01598128  11.40005  -0.0003028596  -0.1277399
1047.99  0.01573868  11.49256  0.01140476  -0.126179
1047.381  0.01435385  11.58603  0.02207821  -0.1188883
1046.773  0.01235599  11.61037  0.0231485  -0.1097098
1046.166  0.009685353  11.47893  0.007583408  -0.09892328
1045.559  0.008536163  11.15066  -0.02318848  -0.09015335
1044.953  0.01312725  10.78807  -0.0665031  -0.09427506
1044.348  0.02957296  10.6007  -0.1243556  -0.1203604
1043.744  0.06560202  10.5447  -0.1948457  -0.1685194
1043.14  0.1250195  10.56006  -0.2652204  -0.2366069
1042.537  0.2081842  10.62511  -0.3214931  -0.3267363
1041.934  0.3185009  10.71625  -0.3590114  -0.4383986
1041.333  0.4538878  10.81094  -0.3769535  -0.5611993
1040.732  0.5978286  10.90458  -0.370286  -0.6813018
1040.131  0.7339433  11.00022  -0.3361206  -0.7901626
1039.532  0.8538035  11.093  -0.2818503  -0.8816573
1038.933  0.9434777  11.17601  -0.2182895  -0.9476302
1038.335  0.9897455  11.2512  -0.1499579  -0.9840723
1037.737  1  11.32312  -0.07921305  -0.9968577
1037.14  0.9908484  11.38959  -0.012759  -0.9947593
1036.544  0.9677515  11.44807  0.04484491  -0.9815888
1035.949  0.935411  11.50383  0.09774343  -0.9605393
1035.354  0.9086345  11.56089  0.1500832  -0.939117
1034.76  0.8942757  11.61332  0.1973992  -0.9220548
1034.166  0.8813056  11.65714  0.2357322  -0.9053625
1033.573  0.8644526  11.70047  0.2719344  -0.8852014
1032.981  0.8578658  11.74994  0.3139943  -0.8668499
1032.39  0.8710546  11.79711  0.3570311  -0.8571057
1031.799  0.8915215  11.83007  0.3893515  -0.8542563
1031.209  0.9062272  11.84608  0.4060586  -0.8543877
1030.62  0.9180825  11.84284  0.4056849  -0.8607859
1030.031  0.9260042  11.81284  0.3810987  -0.8758234
1029.443  0.911965  11.7571  0.3290017  -0.8883714
1028.856  0.8627392  11.6943  0.2649928  -0.8819377
1028.269  0.7910903  11.64782  0.2141145  -0.8549128
1027.683  0.7269801  11.62305  0.1847872  -0.8239026
1027.098  0.6907711  11.59787  0.1597571  -0.8069432
1026.513  0.6773473  11.5375  0.1096396  -0.806693
1025.929  0.6587539  11.41475  0.009898116  -0.8023402
1025.346  0.5976204  11.21548  -0.1419623  -0.75052
1024.763  0.4750049  10.93455  -0.3069375  -0.6074465
1024.181  0.3146977  10.57026  -0.4093608  -0.3727644
1023.6  0.1683143  10.11789  -0.3882044  -0.114267
1023.019  0.07194114  9.570775  -0.2554697  0.06819209
1022.439  0.02320804  8.943342  -0.09467268  0.1164728
1021.86  0.00316814  8.184525  0.004224878  0.05526379
1021.281  0.001240925  5.342877  0.007688836  -0.03380477
1020.703  0.008218782  4.511486  -0.05091743  -0.0732024
1020.125  0.0126797  3.884884  -0.1044869  -0.03654371
1019.549  0.01199179  3.140775  -0.09877093  0.04265461
1018.972  0.0116449  2.259214  -0.02944297  0.1017875
1018.397  0.01366024  1.473646  0.05539115  0.1004372
1017.822  0.01269385  0.8886425  0.09792528  0.05120502
1017.248  0.006957025  0.4166812  0.081758  0.0008042908
1016.674  0.001757132  0  0.0377152  -0.01625089
1016.102  2.689124E-5  0  0.004967628  -0.001050858
1015.529  0.0006136057  2.017868  -0.0009748924  0.02422135
1014.958  0.00184165  1.64901  0.01354649  0.03972629
1014.387  0.002668708  1.243289  0.03383842  0.0374823
1013.816  0.002503483  0.8734074  0.043657  0.02198785
1013.247  0.001285832  0.6127683  0.03427253  0.007159022
1012.678  0.0002479335  0.7233265  0.01460255  0.00478219
1012.109  0.0001676772  1.750419  0.002845005  0.01230462
1011.542  0.0003433799  1.725663  0.004503393  0.01749235
1010.975  0.0003170142  1.454542  0.008665336  0.01502617
1010.408  0.0001752572  1.383335  0.007217452  0.01067971
1009.842  0.0001141104  1.530894  0.004491038  0.0093749
1009.277  0.0001075889  1.488706  0.004738207  0.008906066
1008.712  7.260293E-5  0  0.004054409  0.007222203
1008.149  4.565608E-5  0  0.0002959442  0.006557597
1007.585  6.114842E-5  0  -0.001460167  0.00745081
1007.023  4.925753E-5  0  0.0006247926  0.006781926
1006.461  2.152828E-5  0  0.0005877843  0.004461463
1005.899  3.693813E-5  0  -0.003777969  0.004520323
1005.338  9.358611E-5  0  -0.005954339  0.007237372
1004.778  7.322691E-5  0  -0.002947999  0.007743297
1004.219  2.537761E-5  0  -0.001313697  0.004694562
1003.66  3.364042E-5  0  -0.004915101  0.002703535
1003.101  8.016522E-5  0  -0.007776279  0.003799052
1002.544  5.264744E-5  0  -0.005643866  0.004157384
1001.987  1.928667E-5  0  -0.003789614  0.001902503
1001.43  4.293792E-5  0  -0.006302906  0.0005092544
1000.874  7.441288E-5  0  -0.008170619  0.001568802
1000.319  3.473113E-5  0  -0.005449214  0.001605533
999.7645  1.166317E-5  0  -0.003181066  -0.0008402716
999.2105  3.682518E-5  0  -0.005432071  -0.002152728
998.6571  5.636629E-5  0  -0.007183957  -0.0007691707
998.1044  1.867584E-5  0  -0.004142878  -0.0003363527
997.5522  8.802767E-6  0  -0.00123197  -0.00257225
997.0007  2.652674E-5  0  -0.003067402  -0.003882789
996.4498  3.352517E-5  0  -0.005028338  -0.002372003
995.8995  8.135205E-6  0  -0.002325191  -0.001444284
995.3498  1.062392E-5  0  0.0007305259  -0.003039751
994.8007  1.741255E-5  0  -0.0007424354  -0.003930681
994.2522  1.366028E-5  0  -0.002739956  -0.002243228
993.7043  1.658026E-6  0  -0.0004173765  -0.001160217
993.157  1.316104E-5  0  0.002359095  -0.002547397
992.6103  1.2051E-5  0  0.0006842101  -0.003249238
992.0642  5.276532E-6  0  -0.001702984  -0.001386411
991.5187  7.778154E-8  0  0.000234608  -0.0001263586
990.9739  1.180312E-5  0  0.002936411  -0.001463153
990.4296  7.542112E-6  0  0.001214368  -0.002322811
989.8859  3.287206E-6  0  -0.001605848  -0.0006421005
989.3428  4.639026E-7  0  -0.0001805997  0.0006237208
988.8003  7.403501E-6  0  0.002518213  -0.0006166933
988.2584  4.067481E-6  0  0.001152372  -0.001536521
987.7171  2.769309E-6  0  -0.00158168  -8.405053E-5
987.1764  1.218371E-6  0  -0.0003912624  0.0009743995
986.6363  5.625086E-6  0  0.002222265  -0.0003824594
986.0967  3.213702E-6  0  0.0009780146  -0.001394742
985.5578  3.540661E-6  0  -0.001787047  3.89956E-6
985.0194  1.974568E-6  0  -0.0007387868  0.001110513
984.4817  4.528999E-6  0  0.002010624  -0.0001829596
983.9445  3.093663E-6  0  0.001090672  -0.001261619
983.4079  3.042921E-6  0  -0.001653071  1.439431E-6
982.8719  2.20418E-6  0  -0.0008735417  0.001101906
982.3365  3.75843E-6  0  0.001834403  -5.302866E-5
981.8016  2.776676E-6  0  0.001179381  -0.001046169
981.2674  2.444148E-6  0  -0.001471423  0.0001424695
980.7337  2.324787E-6  0  -0.0009035071  0.00112253
980.2006  3.265384E-6  0  0.001705413  -6.997047E-5
979.6681  2.809052E-6  0  0.001196862  -0.001034889
979.1361  2.381683E-6  0  -0.001445104  0.0001787847
978.6048  2.927108E-6  0  -0.001108833  0.001171972
978.074  2.372472E-6  0  0.001451689  -1.045584E-5
977.5438  2.799209E-6  0  0.001222364  -0.0009948473
977.0141  1.819238E-6  0  -0.001259847  0.0001592135
976.4851  2.797261E-6  0  -0.001123399  0.001102165
975.9566  1.803382E-6  0  0.001261188  -6.673353E-5
975.4287  2.633964E-6  0  0.001163004  -0.0009872091
974.9013  1.642048E-6  0  -0.001185082  0.0002116482
974.3745  3.045242E-6  0  -0.001182618  0.001134079
973.8483  1.29515E-6  0  0.001064165  -9.021408E-5
973.3227  2.550016E-6  0  0.001083865  -0.001033687
972.7976  1.503869E-6  0  -0.001133383  0.0001923074
972.2731  3.267277E-6  0  -0.001241526  0.001151812
971.7492  9.062237E-7  0  0.000890262  -4.551085E-5
971.2258  2.34443E-6  0  0.001065628  -0.0009581114
970.703  1.106005E-6  0  -0.0009459488  0.0002700242
970.1807  2.924608E-6  0  -0.001120121  0.001140855
969.659  8.054242E-7  0  0.0008188012  -0.0001810511
969.1379  2.493979E-6  0  0.0009876701  -0.001095289
968.6173  1.052865E-6  0  -0.0009187698  0.0002704497
968.0973  3.175654E-6  0  -0.001127246  0.001221905
967.5779  6.337157E-7  0  0.000718608  -0.000185813
967.059  2.729824E-6  0  0.0009723738  -0.001193788
966.5406  7.253538E-7  0  -0.0007643378  0.0002121945
966.0228  2.823741E-6  0  -0.0009915878  0.001209836
965.5056  6.454024E-7  0  0.00069108  -0.0002847658
964.9889  3.127555E-6  0  0.0009123869  -0.001368202
964.4728  6.119863E-7  0  -0.0007122486  0.000146035
963.9572  2.908277E-6  0  -0.000922422  0.001287857
963.4422  5.573694E-7  0  0.0006469208  -0.0002488213
962.9278  3.282636E-6  0  0.0008491511  -0.001450984
962.4138  4.786537E-7  0  -0.0006345949  9.476056E-5
961.9005  2.716574E-6  0  -0.0007587039  0.001326048
961.3876  6.844833E-7  0  0.0007158722  -0.000273855
960.8754  3.598343E-6  0  0.0008000409  -0.001563644
960.3636  5.32713E-7  0  -0.000666323  0.0001106806
959.8524  3.290747E-6  0  -0.0007161558  0.001517382
959.3418  7.038036E-7  0  0.0007518213  -0.0001903889
958.8317  4.198569E-6  0  0.0007866123  -0.001722092
958.3221  5.079736E-7  0  -0.0006581359  -7.628548E-6
957.8131  3.673717E-6  0  -0.0006450241  0.001647292
957.3046  7.604749E-7  0  0.0008029671  -4.90114E-5
956.7967  4.434199E-6  0  0.0007368704  -0.001796243
956.2893  6.700919E-7  0  -0.0007499148  -8.162111E-5
955.7824  4.358418E-6  0  -0.0006655429  0.001803953
955.2761  8.577888E-7  0  0.0008465282  0.0001013481
954.7703  5.070428E-6  0  0.0007401049  -0.001935026
954.2651  8.61763E-7  0  -0.0008068963  -0.0002786083
953.7604  4.850916E-6  0  -0.0006915353  0.001902462
953.2562  1.038435E-6  0  0.00087673  0.0003280031
952.7525  5.142864E-6  0  0.000728007  -0.001950646
952.2494  1.172524E-6  0  -0.0008983361  -0.0004246066
951.7468  5.277997E-6  0  -0.0007440289  0.001971282
951.2448  1.344365E-6  0  0.0009391171  0.0004976602
950.7432  5.665598E-6  0  0.0007923368  -0.002031679
950.2422  1.528943E-6  0  -0.0009425652  -0.0006273458
949.7418  5.782793E-6  0  -0.0008095974  0.002046513
949.2418  1.773747E-6  0  0.0009678426  0.0007398691
948.7424  5.981948E-6  0  0.0008361573  -0.002073832
948.2435  2.147603E-6  0  -0.00100055  -0.0008899773
947.7451  5.966961E-6  0  -0.0008787761  0.002050533
947.2473  2.489686E-6  0  0.001023561  0.001013283
946.7499  5.899744E-6  0  0.0009146744  -0.002018393
946.2531  2.854202E-6  0  -0.001072969  -0.001105389
945.7569  6.211831E-6  0  -0.001005565  0.002036737
945.2611  3.295214E-6  0  0.001058993  0.001269891
944.7659  6.079083E-6  0  0.001046972  -0.001985566
944.2711  3.78933E-6  0  -0.001078464  -0.001405132
943.7769  5.969898E-6  0  -0.001107132  0.001926663
943.2833  4.350101E-6  0  0.00110397  0.001541267
942.7901  5.790505E-6  0  0.001195992  -0.001830023
942.2974  4.69077E-6  0  -0.001112359  -0.001621817
941.8053  5.930297E-6  0  -0.001313838  0.001777182
941.3137  4.977811E-6  0  0.001054575  0.001727314
940.8225  5.859372E-6  0  0.001368555  -0.001715551
940.3319  5.427801E-6  0  -0.001035061  -0.001839927
939.8418  5.852778E-6  0  -0.001448232  0.001644153
939.3523  5.899662E-6  0  0.0009881857  0.001964057
938.8632  5.634768E-6  0  0.001497014  -0.001539846
938.3746  6.36691E-6  0  -0.0009728544  -0.002063876
937.8866  5.567179E-6  0  -0.001578115  0.001434201
937.399  6.747014E-6  0  0.0009274791  0.00215526
936.912  5.426712E-6  0  0.001633552  -0.001324743
936.4255  7.170564E-6  0  -0.0009113942  -0.002237897
935.9394  5.500262E-6  0  -0.001726678  0.001221748
935.4539  7.671668E-6  0  0.0008665985  0.002341561
934.9689  5.501514E-6  0  0.001821929  -0.001070702
934.4844  7.824612E-6  0  -0.0007979556  -0.0023892
934.0004  5.614753E-6  0  -0.001903783  0.000961209
933.5168  8.185221E-6  0  0.000722164  0.002470257
933.0338  5.668246E-6  0  0.001979488  -0.0008147218
932.5513  8.403115E-6  0  -0.0006389157  -0.00252542
932.0693  5.7621E-6  0  -0.002050249  0.000666985
931.5878  8.580766E-6  0  0.000546087  0.002572333
931.1068  5.861245E-6  0  0.002113309  -0.0005025303
930.6262  8.541115E-6  0  -0.0004399092  -0.002583686
930.1462  5.893008E-6  0  -0.002146252  0.0003577709
929.6667  8.503126E-6  0  0.0003702735  0.002585963
929.1876  6.253721E-6  0  0.002226786  -0.0002350919
928.7091  8.606197E-6  0  -0.0002399074  -0.002614431
928.231  6.354252E-6  0  -0.002253415  7.796249E-5
927.7535  8.540672E-6  0  0.0001348312  0.002609229
927.2764  6.505302E-6  0  0.002278125  6.525842E-5
926.7998  8.480399E-6  0  -4.854847E-5  -0.002600346
926.3237  6.933892E-6  0  -0.002341411  -0.0002067362
925.8481  8.444544E-6  0  -9.878783E-5  0.002590747
925.373  7.037885E-6  0  0.00233739  0.0003645708
924.8984  8.208119E-6  0  0.0001890073  -0.002546452
924.4242  7.476028E-6  0  -0.002385025  -0.0004941353
923.9506  8.082883E-6  0  -0.0003279889  0.002509966
923.4774  7.851049E-6  0  0.002414088  0.0006241263
923.0047  8.00771E-6  0  0.0005055172  -0.00246564
922.5325  7.798211E-6  0  -0.002370843  -0.0007361969
922.0608  8.142624E-6  0  -0.0006357881  0.002454437
921.5896  7.852375E-6  0  0.002320077  0.0009001395
921.1188  7.956527E-6  0  0.0007250386  -0.002396468
920.6486  8.218265E-6  0  -0.002311079  -0.001061726
920.1788  7.585935E-6  0  -0.000843412  0.002291991
919.7095  8.399469E-6  0  0.002288324  0.001166644
919.2406  7.496692E-6  0  0.0009629037  -0.002226028
918.7723  8.689489E-6  0  -0.002261116  -0.001303357
918.3044  7.259294E-6  0  -0.001086617  0.00212221
917.837  8.919612E-6  0  0.0022316  0.001413331
917.37  7.151325E-6  0  0.001230661  -0.002018427
916.9036  8.951376E-6  0  -0.002166329  -0.001514982
916.4376  7.021693E-6  0  -0.001356348  0.001906945
915.9721  8.877433E-6  0  0.002087879  0.001599098
915.5071  6.901639E-6  0  0.00145376  -0.001805034
915.0425  9.040902E-6  0  -0.002043403  -0.001689356
914.5784  6.973698E-6  0  -0.001602715  0.001687587
914.1148  8.819714E-6  0  0.001932917  0.001762777
913.6516  6.944899E-6  0  0.001704198  -0.001574503
913.189  8.694274E-6  0  -0.001831747  -0.001837733
912.7268  6.892486E-6  0  -0.001800201  0.001446094
912.265  8.472149E-6  0  0.00172199  0.001892625
911.8037  6.847496E-6  0  0.001880839  -0.001322438
911.3429  8.267384E-6  0  -0.001613008  -0.001942765
910.8826  6.795617E-6  0  -0.001954182  0.001190347
910.4227  7.941104E-6  0  0.001494491  0.001969422
909.9633  6.692917E-6  0  0.001994688  -0.001080482
909.5043  7.918868E-6  0  -0.001419589  -0.002016802
909.0458  6.794716E-6  0  -0.002082173  0.0009372943
908.5878  7.53781E-6  0  0.001296763  0.002024046
908.1302  6.797271E-6  0  0.00213067  -0.0008158862
907.6731  7.260018E-6  0  -0.001199783  -0.002028479
907.2165  7.027495E-6  0  -0.002209227  0.0007001594
906.7603  6.819486E-6  0  0.001052078  0.002024803
906.3046  7.004626E-6  0  0.002231158  -0.0006038253
905.8493  6.685638E-6  0  -0.0009378866  -0.002052953
905.3945  6.981543E-6  0  -0.002260543  0.0004520201
904.9401  6.18317E-6  0  0.000820184  0.002007294
904.4862  7.001487E-6  0  0.002277269  -0.000364578
904.0328  5.95796E-6  0  -0.0007215067  -0.002000255
903.5798  7.192558E-6  0  -0.002321664  0.0002509061
903.1272  5.53913E-6  0  0.0005818085  0.001963878
902.6751  7.198648E-6  0  0.002328121  -0.0001631764
902.2235  5.23503E-6  0  -0.0004479964  -0.001938133
901.7723  7.044885E-6  0  -0.002305191  7.659261E-5
901.3216  5.033891E-6  0  0.0003500889  0.001916992
900.8713  7.025411E-6  0  0.002300887  1.971531E-5
900.4215  4.774725E-6  0  -0.0002487054  -0.001879593
899.9721  7.046893E-6  0  -0.002299931  -0.0001018884
899.5232  4.57897E-6  0  0.0001360541  0.001849854
899.0747  6.991785E-6  0  0.002282573  0.0001949267
898.6266  4.327479E-6  0  -3.126346E-5  -0.001801126
898.1791  6.909961E-6  0  -0.002258482  -0.0002750364
897.7319  4.079281E-6  0  -6.326322E-5  0.001746089
897.2852  6.855878E-6  0  0.002238347  0.0003397911
896.8389  3.88223E-6  0  0.0001594568  -0.001695334
896.3931  6.778303E-6  0  -0.00221435  -0.0003927334
895.9478  3.809816E-6  0  -0.0002542293  0.001665897
895.5028  6.73711E-6  0  0.002188931  0.0004748163
895.0583  3.619897E-6  0  0.0003565496  -0.001601811
894.6143  6.534722E-6  0  -0.002138544  -0.0005321082
894.1707  3.432071E-6  0  -0.0004226315  0.001539324
893.7275  6.554322E-6  0  0.00212694  0.0005809895
893.2848  3.27735E-6  0  0.0005282484  -0.001466082
892.8425  6.317515E-6  0  -0.002080184  -0.0005910494
892.4007  3.309176E-6  0  -0.0006157483  0.001438064
891.9592  6.118557E-6  0  0.002031381  0.0006275037
891.5183  3.34196E-6  0  0.0006951103  -0.001408317
891.0777  5.975399E-6  0  -0.001986148  -0.0006789716
890.6376  3.320824E-6  0  -0.0007813323  0.001354848
890.198  5.698383E-6  0  0.001922686  0.000704643
889.7587  3.360608E-6  0  0.000850927  -0.001321529
889.3199  5.419882E-6  0  -0.001853083  -0.0007392739
888.8815  3.349885E-6  0  -0.0008900519  0.001290577
888.4436  5.343537E-6  0  0.001817575  0.000782983
888.0061  3.360965E-6  0  0.0009441324  -0.001252864
887.569  5.360613E-6  0  -0.001796647  -0.0008327591
887.1324  3.426652E-6  0  -0.001037443  0.001194961
886.6961  5.128428E-6  0  0.001731978  0.0008628183
886.2604  3.462456E-6  0  0.00110865  -0.001138555
885.825  4.820102E-6  0  -0.001656959  -0.000875599
885.3901  3.490825E-6  0  -0.00115251  0.001101284
884.9556  4.621406E-6  0  0.001599764  0.0008952953
884.5215  3.514575E-6  0  0.001188336  -0.001068286
884.0878  4.605576E-6  0  -0.001577767  -0.0009237821
883.6546  3.686106E-6  0  -0.001275742  0.001022366
883.2218  4.353362E-6  0  0.00151077  0.0009333014
882.7894  3.884154E-6  0  0.001349311  -0.0009950878
882.3574  4.046375E-6  0  -0.001424088  -0.0009472809
881.9259  4.042119E-6  0  -0.001394532  0.0009872765
881.4948  3.925023E-6  0  0.00135172  0.001002468
881.0641  4.088852E-6  0  0.001444715  -0.0009274789
880.6338  3.631937E-6  0  -0.001265512  -0.001006964
880.204  4.132306E-6  0  -0.001466495  0.0009068189
879.7745  3.53465E-6  0  0.001217623  0.001028526
879.3455  4.418625E-6  0  0.001536909  -0.000900349
878.9169  3.395801E-6  0  -0.001113048  -0.001094096
878.4888  4.391851E-6  0  -0.00156375  0.0008378765
878.061  3.169202E-6  0  0.001012877  0.001114912
877.6336  4.280229E-6  0  0.001556321  -0.0007995359
877.2067  3.125859E-6  0  -0.0009575321  -0.001147474
876.7802  4.289592E-6  0  -0.001579763  0.0007526442
876.3541  3.049532E-6  0  0.000887376  0.001177861
875.9284  4.244198E-6  0  0.001594691  -0.0006933957
875.5031  2.929355E-6  0  -0.0008282319  -0.00118282
875.0783  4.349345E-6  0  -0.001629884  0.0006604665
874.6538  2.803744E-6  0  0.0007388062  0.001202465
874.2298  4.334644E-6  0  0.001636876  -0.0006300375
873.8062  2.781514E-6  0  -0.0006602751  -0.001239424
873.383  4.264706E-6  0  -0.001639733  0.0005762702
872.9602  2.708425E-6  0  0.000580281  0.00125693
872.5378  4.111178E-6  0  0.001618685  -0.0005350603
872.1158  2.758994E-6  0  -0.0005456416  -0.001284867
871.6942  4.199625E-6  0  -0.00165268  0.0004815279
871.273  2.70093E-6  0  0.0004601278  0.001300844
870.8523  4.156654E-6  0  0.001654824  -0.0004345092
870.4319  2.65162E-6  0  -0.000378594  -0.001312331
870.0119  4.073053E-6  0  -0.001641464  0.000410398
869.5924  2.801015E-6  0  0.000312149  0.001367266
869.1733  3.958892E-6  0  0.001631818  -0.0003382286
868.7545  2.874752E-6  0  -0.0002493642  -0.001397341
868.3362  3.880498E-6  0  -0.001628442  0.0002552817
867.9182  2.830547E-6  0  0.0001763465  0.001396011
867.5007  3.785088E-6  0  0.001613541  -0.0002039092
867.0836  2.915591E-6  0  -0.0001069965  -0.001422696
866.6669  3.663979E-6  0  -0.001593758  0.000124403
866.2505  2.922913E-6  0  3.725564E-5  0.001426646
865.8346  3.488517E-6  0  0.001557296  -5.759882E-5
865.4191  3.005105E-6  0  7.147473E-6  -0.001445652
865.0039  3.397959E-6  0  -0.001535989  -4.059698E-5
864.5892  2.944895E-6  0  -4.278812E-5  0.001429101
864.1749  3.489112E-6  0  0.001550138  0.0001291217
863.7609  2.794324E-6  0  0.0001318323  -0.001385117
863.3474  3.358103E-6  0  -0.001514802  -0.0001722351
862.9342  2.814943E-6  0  -0.0002014415  0.001380544
862.5215  3.166297E-6  0  0.001459319  0.000240271
862.1091  2.769211E-6  0  0.0002271359  -0.001363675
861.6972  3.169754E-6  0  -0.001447044  -0.0003026749
861.2856  2.795597E-6  0  -0.0002822986  0.001358688
860.8744  3.1568E-6  0  0.001420208  0.0003942973
860.4636  2.685618E-6  0  0.0003373794  -0.001316288
860.0533  3.083216E-6  0  -0.001379077  -0.0004646751
859.6433  2.543482E-6  0  -0.0003685936  0.001268669
859.2336  3.090502E-6  0  0.00136029  0.0005180236
858.8244  2.458766E-6  0  0.0004058273  -0.001232615
858.4156  3.201526E-6  0  -0.001363879  -0.0005748978
858.0072  2.455267E-6  0  -0.0004906732  0.001199033
857.5991  3.153437E-6  0  0.00131928  0.0006427804
857.1914  2.387576E-6  0  0.0005548502  -0.001149437
856.7842  3.075082E-6  0  -0.001265396  -0.0007035161
856.3773  2.28577E-6  0  -0.0006048522  0.001091235
855.9708  2.970616E-6  0  0.001208456  0.0007488281
855.5646  2.209001E-6  0  0.0006365707  -0.001047035
855.1589  2.981961E-6  0  -0.001171263  -0.0008081605
854.7536  2.147329E-6  0  -0.0006821559  0.0009957322
854.3486  3.052861E-6  0  0.00112974  0.0008904433
853.944  1.950906E-6  0  0.0007386189  -0.0008806225
853.5398  2.85729E-6  0  -0.001065795  -0.0008927829
853.136  1.910834E-6  0  -0.0007813444  0.0008252104
852.7326  2.712607E-6  0  0.0009894601  0.0009233632
852.3295  1.795801E-6  0  0.0007931042  -0.0007631621
851.9269  2.691198E-6  0  -0.0009378055  -0.0009665731
851.5246  1.617208E-6  0  -0.0008056729  0.0006631633
851.1226  2.58822E-6  0  0.0009107497  0.0009547687
850.7211  1.656039E-6  0  0.0008595228  -0.0006116837
850.32  2.458417E-6  0  -0.0008434927  -0.0009690897
849.9192  1.662356E-6  0  -0.0008978299  0.0005558577
849.5188  2.329019E-6  0  0.0007559606  0.0009946423
849.1188  1.542897E-6  0  0.0008947609  -0.0004820788
848.7191  2.274323E-6  0  -0.0007057254  -0.001011543
848.3199  1.48569E-6  0  -0.0009139177  0.0003969627
847.921  2.151376E-6  0  0.0006458353  0.001009565
847.5224  1.465515E-6  0  0.0009370255  -0.0003154145
847.1243  1.96174E-6  0  -0.0005637442  -0.0009947109
846.7265  1.373829E-6  0  -0.0009255205  0.0002409145
846.3291  1.805188E-6  0  0.0005124576  0.0009685374
845.9321  1.343265E-6  0  0.000927034  -0.0001822376
845.5355  1.685221E-6  0  -0.0004759307  -0.000944602
845.1392  1.477783E-6  0  -0.0009808655  0.0001343605
844.7433  1.497246E-6  0  0.0003517557  0.0009318779
844.3477  1.340795E-6  0  0.0009384562  -8.322655E-5
843.9526  1.427631E-6  0  -0.0002985367  -0.0009247189
843.5578  1.313131E-6  0  -0.0009312154  2.291042E-5
843.1634  1.356698E-6  0  0.0002338772  0.0009170268
842.7693  1.312021E-6  0  0.0009285497  5.593796E-5
842.3756  1.204267E-6  0  -0.0001461486  -0.0008787286
841.9823  1.226657E-6  0  -0.0008914631  -0.0001132073
841.5893  1.085866E-6  0  8.627477E-5  0.0008406707
841.1967  1.195809E-6  0  0.0008726392  0.000155715
840.8045  1.028283E-6  0  5.38481E-7  -0.0008216066
840.4127  1.066177E-6  0  -0.0008075558  -0.0002170607
840.0212  9.480255E-7  0  -3.775956E-5  0.0007872523
839.63  1.019854E-6  0  0.0007713631  0.000269508
839.2393  8.961411E-7  0  7.359435E-5  -0.0007620276
838.8489  1.072094E-6  0  -0.0007649999  -0.0003395637
838.4588  8.421936E-7  0  -0.000161939  0.0007235819
838.0692  1.034075E-6  0  0.000699633  0.0004300513
837.6798  6.654203E-7  0  0.000208585  -0.0006245643
837.2909  9.674398E-7  0  -0.0006509989  -0.0004538717
836.9023  5.89029E-7  0  -0.000265204  0.0005592552
836.5141  8.638313E-7  0  0.0005797223  0.0004745835
836.1262  5.28472E-7  0  0.0002879221  -0.0005100759
835.7387  8.489259E-7  0  -0.0005432637  -0.0005054349
835.3515  5.137204E-7  0  -0.000345122  0.000462356
834.9648  8.147272E-7  0  0.0004719645  0.0005519878
834.5783  4.470375E-7  0  0.0003740665  -0.0003862786
834.1922  7.765646E-7  0  -0.000421935  -0.0005690134
833.8065  4.613299E-7  0  -0.0004341084  0.0003307254
833.4212  7.154087E-7  0  0.0003186742  0.0005998998
833.0361  4.005876E-7  0  0.0004335056  -0.0002649719
832.6515  7.248803E-7  0  -0.000257404  -0.0006327892
832.2672  3.608835E-7  0  -0.0004466704  0.000180578
831.8833  7.191258E-7  0  0.0002071762  0.0006474552
831.4997  3.962871E-7  0  0.0004957122  -9.324258E-5
831.1164  6.582132E-7  0  -0.0001030966  -0.0006415362
830.7336  3.938852E-7  0  -0.0005017661  2.545107E-5
830.351  6.609887E-7  0  4.318093E-6  0.0006505218
829.9688  3.770407E-7  0  0.0004868545  6.442401E-5
829.587  6.267516E-7  0  8.404443E-5  -0.0006272762
829.2055  3.494258E-7  0  -0.0004569496  -0.0001195815
828.8244  6.812383E-7  0  -0.0001490001  0.0006421516
828.4437  3.893779E-7  0  0.000445666  0.0002225681
828.0632  6.713875E-7  0  0.0002349353  -0.0006101599
827.6832  4.054375E-7  0  -0.0004079312  -0.0003025024
827.3034  6.600926E-7  0  -0.0003035626  0.0005721684
826.9241  4.203258E-7  0  0.0003678803  0.0003627127
826.545  6.972831E-7  0  0.0003591059  -0.0005598165
826.1663  5.151663E-7  0  -0.0003395242  -0.0004596105
825.788  6.904552E-7  0  -0.0004224862  0.0005086486
825.41  6.160143E-7  0  0.0003092765  0.0005422829
825.0324  6.864982E-7  0  0.0004919716  -0.0004380423
824.6551  6.869774E-7  0  -0.0002807975  -0.0005957983
824.2781  8.0061E-7  0  -0.0005990674  0.0003824101
823.9015  7.247309E-7  0  0.0001777568  0.0006520971
823.5253  8.099156E-7  0  0.0006338375  -0.0003291007
823.1493  8.540435E-7  0  -0.0001071148  -0.0007251779
822.7738  7.913166E-7  0  -0.0006636356  0.0002387948
822.3985  9.234211E-7  0  5.250845E-5  0.0007597314
822.0236  8.370736E-7  0  0.0007046868  -0.0001692817
821.6491  1.041281E-6  0  1.776261E-6  -0.0008079454
821.2749  9.532997E-7  0  -0.0007695464  6.98384E-5
820.901  1.066396E-6  0  -0.0001042147  0.0008102136
820.5275  1.002153E-6  0  0.0007914557  -1.155966E-5
820.1543  1.188021E-6  0  0.0002034327  -0.0008370648
819.7814  9.789299E-7  0  -0.0007796476  -5.526193E-5
819.4089  1.344719E-6  0  -0.0002679286  0.0008755728
819.0367  1.007132E-6  0  0.0007763744  0.0001568596
818.6649  1.385257E-6  0  0.0003138504  -0.0008738528
818.2934  1.147411E-6  0  -0.000810133  -0.0002390245
817.9222  1.478386E-6  0  -0.0004044467  0.000868812
817.5514  1.226838E-6  0  0.0008124804  0.0003183201
817.1809  1.560055E-6  0  0.0004951975  -0.0008498057
816.8108  1.241687E-6  0  -0.0007946812  -0.0003711536
816.441  1.739888E-6  0  -0.0005792766  0.0008610402
816.0715  1.263429E-6  0  0.0007586582  0.0004536127
815.7023  1.853116E-6  0  0.0006483998  -0.0008511996
815.3335  1.250357E-6  0  -0.0007015829  -0.0005287973
814.965  1.876169E-6  0  -0.0006597105  0.0008496434
814.5969  1.484753E-6  0  0.0007137149  0.0006367833
814.2291  1.878442E-6  0  0.0007258429  -0.0007934571
813.8616  1.595632E-6  0  -0.0007013279  -0.0006996919
813.4944  1.971194E-6  0  -0.0008029216  0.0007527624
813.1276  1.640973E-6  0  0.0006532942  0.00076204
812.7611  1.975273E-6  0  0.0008422539  -0.0007087041
812.395  1.744033E-6  0  -0.0006298749  -0.0008198184
812.0291  2.006093E-6  0  -0.0008933389  0.0006559638
811.6636  1.791097E-6  0  0.0006073168  0.000852572
811.2985  2.197614E-6  0  0.0009673449  -0.0006383071
810.9336  1.876183E-6  0  -0.0005368639  -0.000926001
810.5691  2.145967E-6  0  -0.0009855187  0.0005813953
810.2049  1.984183E-6  0  0.0005101321  0.0009742894
809.8411  2.22241E-6  0  0.001035011  -0.0005312482
809.4775  2.046449E-6  0  -0.0004515282  -0.001020447
809.1143  2.199415E-6  0  -0.001047613  0.0004894608
808.7514  2.280984E-6  0  0.0004292777  0.00109596
808.3889  2.227016E-6  0  0.001094409  -0.0003920284
808.0266  2.291807E-6  0  -0.0003735196  -0.001118021
807.6647  2.21583E-6  0  -0.001116897  0.0003078365
807.3032  2.19513E-6  0  0.0003181046  0.001107836
806.9419  2.178829E-6  0  0.001114408  -0.0002748483
806.581  2.324816E-6  0  -0.0002979801  -0.001147026
806.2203  2.24358E-6  0  -0.001147461  0.0001936651
805.8601  2.235809E-6  0  0.0002344289  0.001137243
805.5001  2.119549E-6  0  0.001119865  -0.0001514237
805.1404  2.272522E-6  0  -0.0002399904  -0.001144716
804.7811  2.221773E-6  0  -0.001150281  0.0001143756
804.4221  2.365515E-6  0  0.0002044145  0.001174574
804.0634  2.173933E-6  0  0.001141576  -4.392693E-5
803.7051  2.362662E-6  0  -0.0002206143  -0.001169827
803.347  2.367682E-6  0  -0.00119118  -2.639282E-7
802.9893  2.406649E-6  0  0.0001921434  0.00118493
802.6319  2.492597E-6  0  0.001219102  7.002359E-5
802.2748  2.309132E-6  0  -0.000174691  -0.001161729
801.918  2.696767E-6  0  -0.001265611  -9.27887E-5
801.5615  2.39654E-6  0  0.0001276905  0.001188917
801.2054  2.814046E-6  0  0.001284265  0.0001676142
800.8496  2.306907E-6  0  -9.34505E-5  -0.001168407
800.4941  2.90964E-6  0  -0.001298762  -0.0002110682
800.1389  2.262132E-6  0  6.901542E-5  0.001157622
799.784  2.994217E-6  0  0.001309758  0.0002510649
799.4294  2.245449E-6  0  -7.640814E-5  -0.001151837
